5404 4357 
58 
2241 
443 
138 
1278 
2018 
6313 
3400 12726 
833 
1186 
1524 
138 
58 
12195 
5588 
9893 
214 
412 
6490 
2878 
2731 36 
9535 
1809 4444 4519 
3358 
635 
11448 8176 397 
7844 
2379 2241 
101 403 
58 
7491 
4154 
264 
1410 
7594 
138 
214 
6279 
58 
12550 380 264 
58 
1111 4645 
403 101 
6062 
913 
58 
1650 
36 
10405 
6845 
6278 
1270 
3557 1846 
138 
1230 
4824 
403 101 
706 
11099 
1410 
138 
1797 
4875 
2744 12211 
58 176 
138 
138 
8611 
403 
11773 14218 
251 9592 
833 
36 
9368 
36 
58 3341 
5199 3411 6826 
138 
638 
101 
6810 
251 
3381 
3895 
10206 60 3569 
138 
3557 12289 
12148 
138 
214 
1054 
6940 
12308 
101 
240 
101 
5273 
3282 
240 
36 
5192 
1818 
8897 
9 17 
36 
1818 
7255 
240 
7952 10153 
58 
138 
1846 
36 2731 
240 
58 
385 
715 
2731 36 
4946 5892 12443 
58 
1415 
375 
5015 
14094 13523 
138 
101 
240 
635 
8821 13028 
8874 
36 
8556 4702 
6972 
53 
474 
4184 
3400 
638 
80 
983 
58 
6057 1647 
101 
2879 1500 
1818 
6763 
58 
8766 
214 
1324 
8510 2196 9280 
251 
101 
35 
4990 
403 101 
10628 13960 
4871 
240 
11294 
7602 
10361 
7211 
251 
397 2028 4226 6581 6490 9647 
1140 774 
58 
240 
2964 5107 4483 5911 6571 13180 7883 4603 7236 
214 
138 
1794 
7892 
4166 
1818 
4026 
5309 4809 
251 
10414 
2028 
138 
240 
251 
5408 
58 
3116 
214 
9 
1818 
4084 4172 
2399 5083 576 2718 
214 
704 
4954 
251 
138 
7407 
403 101 
4069 
7108 
58 
1847 62 
1698 8868 
8560 
811 
13230 6779 
240 
58 
3560 
101 
138 
214 
8690 8689 
2241 
4503 
138 
6806 
240 
214 
11516 
214 
2379 
1493 
39 
14350 
397 
35 
2152 
278 
2588 2123 
58 
8911 
403 
5071 
138 
3123 
251 
403 101 
218 1339 
101 403 
1043 
12757 
4946 
138 
719 3296 
7162 
1542 
36 
240 
1043 706 
397 
5390 
138 
49 
6365 
101 
375 
6168 
138 
3503 
5160 
10659 
8556 
101 
36 
58 
75 
138 
1433 2375 
58 
1818 
138 
251 
2738 
138 
36 
3381 
138 
101 
1992 3504 
1054 
3569 60 
214 
278 58 
58 
833 
8156 474 
58 
240 
635 
36 
240 
3191 
138 
9 
3032 13148 
138 
35 828 
138 
2196 
715 
101 
4960 
58 635 
403 
1818 
214 
1498 
6881 1411 
7580 
753 
1474 3423 
10942 
58 
36 2731 
240 
9322 
3531 
3997 10807 8024 12911 7532 
1300 
7952 10153 
247 
138 
9879 3663 986 
58 
36 
11005 1067 608 
101 403 
214 
646 
240 
706 
12859 
12082 
3890 2241 979 2379 
5951 
138 
1805 10755 
36 2731 
214 
1230 
575 
214 
1207 
138 
4154 
3916 2882 
13600 251 
2705 
638 
101 
1818 
706 
4547 8838 
36 
504 635 706 
6691 3143 6548 
375 
138 
635 
7478 14946 
138 
229 
240 
4166 
3116 
3672 
240 
3116 
214 
2241 
2028 
89 
6885 
138 
138 
12424 
3539 9525 2503 
240 
36 
3423 
1278 
214 
138 
138 
49 
11328 1209 
9805 
2409 
214 
2940 
35 
3663 251 12929 
672 
240 
138 
8883 
2076 
101 
3072 
138 
657 
653 334 
3141 
240 
5246 
5180 
58 
14145 
4852 5085 
375 
9658 
1966 
214 
13768 
8174 
58 635 
240 
12656 
1542 
2241 
138 
101 
3004 
101 
1034 2151 96 1732 10752 1785 9704 11363 278 3116 1929 7130 496 635 314 504 3123 1358 58 11055 140 9341 176 
6407 89 5687 
240 
635 
240 
2608 677 
35 
10356 
35 
36 
833 
8067 
1498 
4172 3548 
7805 
36 2731 
638 
60 5932 9808 
9900 
3828 
4094 5571 
11142 
706 
1818 
58 
5442 
101 403 
7602 1474 
36 
58 
240 
58 
332 
2028 
185 334 
138 
138 
403 
5381 2950 
240 
403 
3610 
36 
13181 2185 
8756 10013 
101 403 
138 
1836 
240 
138 
2964 5107 4483 5911 6571 13180 7883 4603 7236 
7784 
35 
36 
7580 
138 
4280 
4535 
403 101 
7806 1033 1241 
638 
58 
240 
4398 
13308 
6633 
138 
2984 
6057 6422 1111 7396 4645 7858 2375 
214 
12287 11804 344 
10139 
1818 
385 
12788 
36 
4004 
278 
103 
7594 
214 
998 3054 
58 
8262 
7611 
1278 
8996 614 
7732 
3244 
1241 
2845 
4069 
240 
2241 
1230 
3288 
403 
1245 4946 3340 10748 
1008 
6459 
4934 6534 
3224 
6279 
6881 
12690 
11718 
36 
2146 
240 
138 
76 
35 12600 
13433 
240 
3557 1846 
12710 
1337 
6727 
3557 
657 
58 
2401 
3072 3672 
2229 
638 
12354 
638 
138 
214 
240 
240 
138 
5820 
14416 
8769 
4389 753 3580 
214 
58 
5085 
17 
58 
6530 
403 
9967 
403 
1339 
11097 
8554 
9895 888 
36 
214 
403 
240 
2940 
36 
3232 
9055 
7466 
8510 2196 9280 
403 101 
9945 6639 
2478 
214 
14203 251 9879 
2379 
332 
5597 
240 
1400 2357 6144 3332 6083 614 
635 706 2843 
1563 
9280 2196 8510 
1976 
6847 5615 
13078 
58 
6965 
240 
138 
658 
138 
2028 
240 
138 
722 
101 403 
138 
138 
1230 
1059 
101 
1230 
1394 
36 
2717 
443 58 
58 
4084 
7357 6811 
583 
1474 
58 
58 
138 
2241 
5064 
101 
138 
355 
138 
36 
58 
1359 
36 
1250 
138 
138 
8486 
138 
13337 
138 
635 
103 35 
35 
138 
2915 2407 657 
138 
278 
1813 
403 
9198 
2241 
35 
638 
101 403 
9545 12562 385 
3004 
986 
2674 4676 
657 11153 
14565 
1732 
706 635 
544 
10348 7611 
36 
397 
403 
36 
240 
36 
4017 
4547 
403 
75 
8503 
10206 
3610 
35 
11939 
6313 
4585 
49 
58 
6870 
240 
2444 
58 
920 
489 
12600 35 103 
4957 1589 
2879 
2055 4312 
3244 
138 
138 
214 
859 
251 2744 12815 12211 7094 
6633 
3244 
12065 
657 
638 
12421 
2241 
657 
138 
5689 
2731 
403 101 
569 
1140 
138 
1413 
9895 
1818 
2960 8354 
11567 
6943 
8911 3095 9767 
138 
76 
138 
635 
638 
251 
3810 
4814 4519 
58 
5912 4263 
6365 
138 
1542 
9470 
8874 
240 
240 
138 
4316 
5324 
7419 
1534 
2731 36 
1464 6279 
1818 
7806 1033 
403 
53 
58 
1498 
10013 
828 12600 35 
36 
138 
58 
2744 
1278 
36 
240 
2241 
240 
859 
403 
214 
4017 
375 332 
12237 2553 
4702 
240 
1113 
138 
998 
638 
2731 
2241 
6894 
6953 
9914 
11995 
12077 
657 
5404 13856 13495 
1802 1466 1836 
12832 
3171 
569 
1818 
403 101 
58 
9412 4964 
58 
138 
8053 
101 403 
3472 
138 
4166 
214 
1474 
2998 
397 8176 
240 
7534 
403 101 
240 
12177 385 4263 9545 
332 
138 
11931 
1111 4645 
251 
9545 10021 
58 
240 
2249 7269 
4461 
2706 
10561 3927 717 
36 
3191 
3224 
101 
9523 
3146 
2882 9523 
17 
14446 10021 8959 9545 
3358 13408 4946 991 
1574 
12739 
7594 13554 
35 
403 
2889 2797 5341 
1336 
569 
1063 
3146 
10944 
101 
214 
638 
6023 3066 
2379 
2148 
403 101 
101 
138 
278 
1967 
8411 6102 
4263 
635 
1278 
4166 
36 
2448 2076 5887 
101 
1621 
36 
138 
240 
3400 13310 
214 
10006 
101 
1464 3400 
138 
101 
375 
4086 
12279 1992 3504 
706 
13910 
3133 4264 
11762 
58 
769 
101 
2379 
648 
36 
9541 264 3895 
251 
403 
101 403 
4824 
58 
58 
545 
101 403 
101 403 
278 
5911 
1818 
2731 36 
240 
36 
6027 
598 
7883 4931 
12773 
753 12643 
36 
6148 424 
4503 
138 
8332 3504 1992 
1230 
2379 
403 101 
9870 
251 
138 
2375 
58 
35 
3790 8039 
58 
13404 264 
442 10396 
5305 
214 
214 
403 
706 
214 
138 
13799 
5997 
8995 
58 
1278 
138 
11762 
7027 4280 
5993 
2434 
138 
36 
12550 380 264 
138 
8246 
4155 
214 
36 
403 101 
5520 
9601 
9056 
214 
75 
715 
240 
3337 
12690 
1068 
8635 998 
214 
3572 
2234 
138 
35 
214 
11053 
635 
11297 
138 
638 
36 
1509 8142 1209 1835 
7324 264 
101 403 
58 
36 
138 
4585 7471 10828 3423 
240 
36 
240 
5262 
138 
9539 476 
2882 
12109 7135 
2882 
214 
36 
403 
58 3341 
1278 
138 
177 
58 
6805 3063 
138 
3384 
101 
5641 58 
4806 2439 
6407 89 9629 
251 
240 
240 
138 
403 101 
635 
569 
101 403 
443 
101 
101 
9 17 
101 
758 
635 706 
278 
3100 
240 
13949 2773 
14675 3916 
1160 
35 
101 
36 
3557 1846 
278 
138 
8280 
2169 
240 
3133 
5615 
3924 11779 
101 
214 
240 
638 
979 
3244 
239 
10528 
9483 211 
4503 
1209 11000 8142 
4503 
251 
214 
58 
1278 
138 
2767 
1464 
3252 
101 
14333 
8131 
3116 
240 
11475 
332 
11445 
6566 
3788 
251 
240 
138 
4264 
6198 
4503 
6875 
138 
5687 10865 
4946 6737 998 
138 
474 
58 
403 101 
14308 
6881 10460 
1186 
504 58 
1818 
1394 
11863 
58 
138 
101 403 
3063 
2028 
1524 
3890 
3521 2790 
6818 
4659 
1278 
138 
1339 
36 
240 
214 
5418 
138 
403 
7611 
638 
58 1358 
658 
58 
5064 
1542 
240 
4155 
9904 
1818 
240 
5391 5442 
36 
4039 1314 
2731 
3700 
49 58 
2878 
6992 
6517 
5207 
12779 12656 
214 
3262 
101 403 
991 5288 
7254 
13917 
638 
5391 
36 
3116 
385 
36 
10895 11558 
731 
11731 
3595 
859 
58 
4964 4551 9412 
5305 385 9545 
36 
2767 
5716 
913 
1231 635 
36 2731 
4652 
101 
240 
101 
13543 
4155 
859 
2379 
4537 650 11027 
101 
2028 
11468 
4202 
35 
1498 
4155 
12582 
2241 
35 
8053 
240 
8076 5133 
2637 1038 
240 
261 
185 334 
196 4044 6433 10276 
214 
8995 1509 9080 1847 
403 
58 
1818 
36 
36 
138 
138 
2151 1043 
1278 
10929 7490 
214 
4547 
403 101 
240 
138 
403 101 
58 
101 
35 
58 
9387 
58 
638 
214 
10891 
9089 
638 
638 
443 
138 
7363 
1818 
6057 1647 
101 
5453 
89 3337 
35 
10153 
1054 
138 
2162 4503 
1063 
4407 
138 
36 
4166 
403 101 
4445 5061 8486 
11218 12723 
214 
4850 
101 
214 
1847 
10969 
4660 
6280 3610 
101 403 
2706 
381 2148 
2285 
1278 
138 
9 
9280 8510 2196 
6691 3143 6548 
2516 
539 
403 
2389 
6915 7082 
138 
58 
3384 
36 
2882 
240 
1464 
7254 
11516 
58 
3788 
706 
6979 
9657 
301 
1818 
3610 
355 5614 
3116 
798 
1230 
13510 
9595 9014 
1919 6870 
240 
214 
8895 
240 
859 
9545 10709 
569 
17 
5081 
12013 
443 
214 
638 
240 
11104 165 1585 
11130 8558 
3160 
1500 10686 
6296 
240 
7557 
13542 
35 
8545 
36 
8545 
403 101 
10793 
58 714 
5098 385 
2241 
12877 
706 8560 11417 
4954 
9722 
1100 4946 9243 
240 
240 
7190 
7190 
5964 
138 
10223 1994 
798 
13567 
6187 
12817 
569 
58 
214 
6313 
3112 
3099 3054 
1818 
913 
101 
138 
403 101 
2878 
10551 
101 403 
8246 635 
638 
154 
138 
247 
240 
7805 
36 
240 
2882 
12782 
5887 
7106 1509 
385 1474 7471 10828 
1542 
9214 
6548 
101 
1415 
4227 
251 
2879 8756 
240 
138 
6490 
13308 
715 
2241 
58 
2739 
240 
101 
58 
35 
7255 
138 
6365 
240 
1316 
2878 
138 
58 
4946 
214 
1968 7844 
1756 
403 
2637 789 
138 
36 
240 
3539 2503 4787 
545 
4154 
1574 
36 
3288 
6696 
240 
138 
2785 
58 
657 
138 
58 
36 
403 
874 10213 819 2018 657 2028 758 5483 
6365 
1278 
403 101 
10924 
101 
9874 
3208 
10899 
73 
58 
4620 9156 3626 
1818 
4079 
36 
214 
214 
2148 
101 
9358 
569 
833 
657 
11839 
4286 
6116 3997 
4135 3021 
403 101 
1914 6279 
8149 4850 
138 
1785 58 
138 
58 
811 
240 
11871 
138 
138 
5687 9800 6202 
1818 
5841 
325 
6329 
4069 
138 
9485 12542 
1230 
3381 
35 
3388 1842 
859 
58 
1130 5071 
58 
101 
6558 
138 
101 
138 
1702 
214 
240 
2845 
7582 706 
5912 
545 
403 101 
706 635 
2241 
11133 
3846 
58 
3754 2102 
375 
3793 
251 
3698 
403 
58 
1037 
2241 
5199 4417 
403 
251 
4954 753 
2379 
2384 
638 
4545 
138 
1818 4950 
138 
35 
138 
138 
715 
13435 
2702 
4585 
2831 4483 
6875 
58 278 
4748 
4207 9817 4028 
7938 
14119 6024 
14658 
1033 1241 
1509 9529 
1104 
58 278 
138 
138 
403 101 
8874 
214 
403 101 
4933 
403 101 
1054 
10021 
6313 
4964 3605 3355 
240 
11752 
3191 
635 
36 
240 
833 
240 
240 
9112 
332 375 
214 
138 
8510 
355 
35 
17 
58 176 
569 
3224 5554 
240 
14069 
101 
332 375 
14025 13966 6062 
138 
138 
6304 
638 
251 
5875 
9280 8510 
375 
10642 
5262 
3570 
101 
4679 
1498 
2241 
11370 
1785 58 
1846 
58 
214 
240 
240 
657 
101 
1410 
101 
7611 
2095 
7926 6830 3383 
6432 
251 
214 
638 
5779 
1914 3400 
635 
891 
1836 
36 
229 
138 
3701 
10509 13958 
240 
403 101 
5779 
1818 
706 
138 
10481 
138 
8046 3519 
403 101 
138 
6420 
2882 
214 
12502 
2983 
3167 
214 
7892 
36 
403 101 
403 101 
101 
240 
3504 
1818 
403 
240 
489 
3244 
214 
138 
1508 
251 
214 
10135 
11207 
2787 6002 
4069 
403 
58 
138 
2016 
12695 
58 
138 
344 
706 
138 
214 
138 
138 
240 
6506 
240 
138 
138 
715 
3572 
138 
638 
12134 
1792 
474 
36 
3405 
13692 
14096 
240 
4473 
4464 
36 
138 
9657 
657 
403 101 
138 
13577 
101 403 
3939 
214 
5128 5571 
138 
2703 5852 
2603 
2640 2076 1033 1241 7806 
240 
36 
101 403 
4881 
8838 
138 
240 
3171 
9563 
635 
36 
214 
138 
397 4545 6997 7580 
2028 4545 
138 
240 
5085 
247 
219 
5278 
138 
1683 1836 
101 
101 
2731 
138 
12288 
3663 
6882 
3262 
7939 11712 3702 
138 
3191 
11133 
5135 
403 101 
138 
240 
3632 251 
7577 11678 
642 4461 
247 
638 
1534 
101 
4166 
36 
657 
706 
138 
2547 
36 
7401 
657 
4289 9456 10317 8362 4290 3302 5210 3095 13201 
138 
403 
214 
101 
101 
8769 
462 3934 
58 706 
17 
9962 6422 
1992 
10786 
58 
36 
138 
138 
2788 1466 1836 
325 
314 
176 
2196 8510 9280 
240 
5286 
403 101 
3244 
138 
101 403 
58 176 
7299 
101 
12765 11353 
2731 
6344 
240 
240 
5449 
7776 
35 
1063 
13167 
8769 
6156 399 
58 
12303 
5199 4417 
385 
138 
5385 
9094 2562 
2191 1836 
214 
4488 
36 
240 
240 
101 
1466 
138 
6889 
138 
375 
1351 6530 
58 635 
214 
332 
80 7087 8341 
101 
3066 
646 6395 
138 
4584 
4702 
474 4691 
138 
1068 
3828 
58 
58 
5172 
1278 
8596 
3244 
635 
635 706 
403 101 
36 
1755 10685 
403 101 
101 403 
14342 
58 
58 
101 
569 
138 
247 
1278 
12997 
403 101 
403 101 
240 
214 
138 
101 403 
7593 
6875 
2076 4263 
403 
39 
240 
4990 
356 6024 
240 
474 8156 
635 314 706 
11248 251 2744 
1553 
240 
58 
138 
7090 3375 
3751 
76 
101 403 
5852 
3663 251 43 
545 
1474 10828 
101 
6875 6747 
36 
859 
35 
5925 
635 
75 
251 
1282 
375 
138 
657 
1278 
36 2731 
4069 
240 
2241 
569 
58 
2797 8576 1140 6395 
10086 
385 
5083 3542 
101 403 
58 
278 
1818 
10471 
240 
214 
11253 
403 
35 
1140 
36 
58 1785 
101 
7065 
278 
10425 7453 10615 
58 
4414 
1785 
635 706 443 
251 
101 
101 
101 
403 
86 
6887 
638 
1798 
60 2889 
251 
12832 
1622 
138 
1785 8502 
138 
6433 
214 
1278 
101 
2915 
251 
3916 2882 
10705 
679 
1207 
251 
13005 12781 
58 
6412 2450 269 
1542 
101 403 
49 
278 
11952 
58 
3636 
9047 
4771 
1843 
569 
5295 
138 
385 
58 
4512 
6925 
3244 
58 
7419 
4069 
1278 
11249 3632 
214 
240 
35 
240 
3423 1474 11596 
10835 
1043 
3400 
101 
13953 
6111 3224 
2667 
138 
375 
2241 
58 
657 
5278 
58 
624 13128 
3895 13167 
58 
43 
4069 
991 7586 
1498 
240 
138 
7409 
138 
403 
1339 131 
58 706 
2878 
10315 
58 
138 
138 
111 3341 3123 8238 
35 
5399 
240 
138 
138 
214 
240 
14096 
638 
251 
251 
36 
10738 
58 
5371 
403 101 
138 
385 
14593 
638 
5064 4660 
7299 
58 
403 
35 
403 101 
138 
672 
13183 36 
58 
58 
1785 
251 
3244 
36 
58 
7087 
2028 
214 
36 
240 
4713 
4960 
138 
58 
43 986 251 3663 
635 
1992 3504 
101 
7007 
138 
715 
35 
101 
214 
214 
144 
138 
11469 
14004 
986 43 251 8265 
403 101 
260 
9056 
7939 6235 
13871 
8838 
1785 58 
5032 
4704 
3244 
8414 3698 58 
36 
1068 
4417 
10780 9258 
138 
101 
2469 
882 
9660 
5751 
10139 
36 
6955 
12487 
2241 
101 
58 
36 
7839 
264 
138 
240 
13167 4237 
101 
2241 
214 
3063 
2241 
10277 6116 
240 
138 
7791 
2210 
514 
240 
6265 2209 
495 
403 
2766 278 
9596 
138 
10551 
584 
638 
9338 
4824 
138 
569 
101 
706 
138 
5023 4964 11988 2674 
240 
240 
6808 4032 
3612 89 6407 
12947 4841 
4017 
6084 
375 
12187 
1509 13572 12126 5892 
58 
101 
138 
89 6407 
2788 1836 
214 
36 
240 
58 
859 
5278 
3916 7611 
2379 
10906 
101 
240 
3141 
138 
138 
3780 
1509 11353 14080 
2516 
5968 
58 706 
214 
2555 3560 
706 635 
3141 
706 1785 
1054 7805 
1585 
101 
2076 
214 
403 
569 
1903 
334 
58 
251 
2775 
403 101 
3063 
36 
240 
8270 
3557 
2731 36 
278 
2361 
5606 
58 
251 
4964 
8556 
138 
101 
1818 
138 
4039 
13813 1464 512 12726 
251 
7087 
10117 
403 
6365 
35 
2882 
138 
58 
138 
214 
251 3663 43 9879 3632 
3116 
5571 6202 4946 9800 8830 
5951 
10725 13588 251 2744 
833 
36 
586 
214 
58 
10273 
11731 
4202 
214 
6420 
3141 
138 
138 
2241 
240 
138 
5273 
5305 
4503 2162 
11355 
35 
214 
4503 
101 
214 
403 101 
2849 1464 3400 4848 
4824 
138 
1818 4824 
214 
58 
75 
8895 
214 
58 
715 
5165 251 
403 
35 
214 
5341 
101 
138 
7603 
1542 
1548 
3557 
2082 
1018 3296 4414 
101 
240 
5904 
3854 
3890 
403 
138 
240 
546 
3602 
6102 8411 
891 
58 
2076 7806 
1278 
4544 991 
36 
8049 
214 
1278 
138 
4585 
1068 
101 
638 
36 
375 
4895 
36 
251 
4569 
375 
101 
6449 2706 7299 
761 
214 
138 
2196 8510 9280 
657 
5061 
8053 
138 
240 
2361 
2664 3050 6979 
657 
2882 
1054 
36 
58 
9280 8510 2196 
6875 
214 
58 
247 
7065 2805 
2317 
58 
75 
214 
240 
5219 
11845 
101 
58 
101 
5759 
214 
101 403 
3572 
138 
9194 269 
6400 
7631 
13990 
58 
1358 
240 
101 403 
138 
240 
10017 
138 
1209 12093 8262 
9202 
35 
2379 
240 
3554 
2744 
214 
5588 9384 
6434 
1415 
514 
403 101 
138 
240 
2407 
101 403 
3396 
1464 
3405 
7419 
2927 
7791 
2401 
240 
9418 
8556 
1794 
2241 
5997 
58 
138 
7602 10709 
35 
9852 2445 
35 
4178 
240 
403 101 
240 
214 
251 
4166 
2882 
12549 
2407 
251 
36 
58 278 
138 
240 
2379 
240 
1043 
176 
101 403 
10642 4852 
4659 6163 
35 
12851 
2028 10406 
2927 
278 
138 
101 
13310 6279 4503 
3164 608 
9191 
101 403 
1464 
101 
4338 5887 2076 
58 
1037 2210 
3100 
6222 
138 
8556 
35 
5779 
3557 1846 
7806 51 
1230 
138 
58 
1444 
14478 9893 
240 
706 278 
559 
58 
240 
101 403 
5472 
859 
4584 
5687 12344 
2092 
6022 
4585 2640 2076 4263 
214 
10339 
474 
17 
138 
8306 
101 
214 
2082 58 
1529 
240 
6273 8895 
131 7596 
101 403 
8903 
73 
101 
35 
4280 
635 706 
12575 
657 
11558 
101 
2705 
214 
2882 
58 
3123 
138 
13230 
657 12195 
101 403 
1034 2151 96 1732 10752 1785 9704 11363 278 3116 1929 7130 496 635 314 504 3123 1358 58 11055 140 9341 176 
58 
58 
240 
12256 
4652 12762 
138 
7611 
1043 
5472 
4357 14675 3916 
6371 
10981 14119 
138 
240 
1501 
657 1574 
35 
2028 
4503 2162 
11396 
138 
36 
2878 
6024 
403 101 
264 
828 35 
36 
138 
58 
403 
8893 
14419 
240 
8149 
5138 
4064 
36 2731 
3636 
101 
101 403 
1407 
101 
822 1836 
58 
7733 
403 
36 
240 
638 
4624 576 2399 
101 403 
12811 
638 
965 
35 
58 176 
138 
101 403 
138 
586 
58 
5326 
240 
14325 380 
11545 
101 403 
7269 7592 
214 
2689 
36 
10153 7952 
251 
240 
36 
1043 1034 
11801 
443 58 
375 
569 
569 
2731 36 
138 
3636 
3848 
2702 
403 101 
3116 
2731 36 
11053 
138 
1474 3423 
7611 
278 3381 
859 
638 
11919 8749 
1278 
154 
138 
8153 1400 614 9690 7445 9614 6083 3332 
3890 
58 
101 
403 101 
138 
138 
6459 
833 
6187 
3242 3116 278 
240 
214 
3548 4172 4084 
138 
13730 
859 
5305 12817 
101 403 
385 9545 5305 8957 
638 
138 
403 101 
3296 
101 403 
3423 
3303 
7066 991 
35 
2882 
101 
397 657 49 
638 
138 
7227 
2018 
3244 
138 
4503 
138 
2845 
1542 
138 
3602 
13691 
11267 
2241 2379 979 
403 101 
11843 2702 10106 13180 493 
58 
4946 4964 
888 2879 
138 
58 
2469 
240 
247 58 
138 
35 
3751 
5648 
101 
11701 1209 
11773 489 
35 
6847 5615 
35 
9893 14478 
36 
2241 
2882 
138 
1153 
138 
3898 
101 
941 
138 
4824 
240 
6997 
9696 
4467 
3252 
138 
11558 5193 
214 
58 
36 
58 1688 
101 403 
5786 
2773 
1278 
6000 
7094 12815 2744 10315 
403 
36 2731 
138 
7892 
58 
1929 58 
240 
3337 2562 10237 
138 
715 
138 
58 
138 
138 
251 
2574 
2882 
3708 3663 
58 
971 
138 
58 
240 
240 
58 
5892 
3004 
833 
36 
1230 
2028 
240 
1846 
2549 
4614 
5341 3050 6979 
403 
214 
3191 
403 101 
1818 
4154 
5453 
11855 5136 
1415 
8156 474 
3280 6890 
7419 
891 
3116 
1416 
403 
635 
638 
7255 
2379 
5133 8076 
638 
669 14007 
11133 
9917 
138 
11010 
101 403 
58 
657 
12549 
3004 
138 
1534 
10543 
798 
138 
9373 
5293 
101 403 
239 
5837 
138 
301 
2076 
8053 
13836 
240 
36 
36 
569 
240 
4503 2162 
6279 4503 
3244 
3192 
240 
138 
2805 
403 
149 
251 
635 706 
3244 
4585 
138 
8838 
564 
214 
101 
138 
638 
14544 
138 
472 
14532 
657 
138 
1464 
101 403 
4814 1411 
2615 
3252 
5100 6472 
240 
11820 
240 
4569 1389 
774 
403 101 
58 
403 101 
138 
36 
101 
1278 
138 
403 
240 
9926 
58 
1732 
11888 7360 
1415 
1836 
58 
2640 
13308 
6528 
1416 
101 403 
4824 
403 101 
36 
138 
36 
214 
138 
4873 196 
138 
403 101 
35 
138 
638 
3123 
214 
1458 7796 2399 6498 5341 
403 101 
3138 
2241 
9308 
14022 
58 
36 
2547 
36 
58 
375 
5103 
638 
3890 
5958 5735 
251 
5943 5064 3050 4818 
138 
2018 
214 
3104 
569 
36 
6603 7299 7876 
138 
138 
10738 
9 
138 
214 
101 403 
58 
138 
101 
1464 
240 
5900 
101 
1033 7806 11926 2076 1474 
1542 
240 
3138 
240 
403 101 
397 
1037 
101 403 
251 
1043 
240 
214 
1278 
375 
2018 
12763 
8332 
214 
635 
2998 14119 
3890 
4929 
36 
101 403 
89 10929 
2028 
35 
1068 
5135 
8262 6433 10865 
10276 
7643 7629 
138 
1846 3557 
214 
2076 5912 4338 
36 
403 
138 
251 
58 
101 403 
12178 
833 
58 
1681 
9018 10138 4946 9412 
138 
58 
5420 
5135 
1207 
3890 
58 
9548 
58 5324 
1068 
2665 6748 2625 
12208 
5693 
13945 
5543 
3504 1992 8903 
76 4614 
1474 3423 11926 
176 
58 
10868 5416 
251 
9066 
403 101 
403 
138 
101 
706 
1230 
646 
101 403 
2028 
4985 1477 8895 
251 
1068 
101 
3663 
101 
991 
101 
4946 753 
403 101 
2055 
58 
101 403 
4154 
635 
4224 9173 
5128 6458 
5497 1209 12765 
58 
214 
1524 
653 1598 1281 
2379 
375 
301 
403 
5982 
3610 
11801 
10028 
403 
3788 
12267 
706 1068 
2241 
240 
4227 
138 
2241 
138 
403 101 
58 
58 
4173 1266 5392 7010 2810 
5481 10206 9540 
101 
8332 
58 
4154 
2469 
138 
10566 
9100 
3863 6395 1140 
58 176 
2882 
2555 
101 403 
5892 
2028 657 
638 
8704 5840 297 5344 
2066 
58 
101 403 
403 
2626 7502 
101 
715 
4652 
646 
240 
638 
138 
13049 
403 
8936 8489 
583 
58 
36 
979 
6165 
36 
677 
7445 
2882 
138 
706 635 
657 
7611 14391 
58 
8895 
36 
4964 5023 
8838 
13167 
7611 
58 
2379 
13081 
13219 
25 
2028 
101 
6065 261 
403 
176 
403 
4119 
403 101 
10269 
2241 
58 
3116 
3225 
1542 
214 
240 
403 101 
10204 
1498 
1038 
4824 
9006 
471 1820 
3503 
240 
58 
3503 
6813 
11355 
3784 
101 403 
10118 
138 
138 
4503 6618 
138 
214 
240 
36 
138 
58 
3423 7471 1474 
7139 8821 
4990 
1381 
138 
7139 
4485 
657 
49 
101 
4204 2665 
8306 
4990 
12067 
1068 
214 
7583 
58 
138 
240 
1416 
403 101 
101 403 
58 
403 101 
2773 
101 403 
101 
240 
58 
10551 
36 
36 
403 101 
1967 
36 
138 
214 
101 
1641 
3191 
7674 
214 
385 
5064 
36 
138 
101 
657 
4713 
58 
3095 5210 4289 10317 
3302 3095 10317 
240 
555 
138 
10263 
3539 2503 1458 4402 769 
638 
101 
1278 
218 
214 
706 
2241 
12565 
138 
2241 
101 403 
35 
1798 
10213 3905 
638 
1785 
3725 
49 
240 
6261 
833 
58 
51 
4069 
3358 
13974 
103 35 
11351 
58 
214 
36 2731 
8053 
1054 
138 
4506 
2731 
5273 6222 
101 
214 
12695 
1474 
4547 
174 
214 
706 635 
138 
6875 
138 
58 
2665 6748 2625 
10528 
2797 1140 
240 
10642 
214 
4713 
10414 
2375 
332 
58 
1818 
251 2744 
3116 
2379 
58 
36 
5321 
3663 
240 
4200 
2882 
240 
4483 
7363 3558 
1207 
240 
314 
214 
12357 
1140 6395 10405 
101 403 
12894 
240 
2241 
2882 
4202 11011 
5846 
403 101 
138 
2731 36 
7027 2861 
36 
1785 
2654 
4569 6407 89 8540 
36 
5841 
58 
638 
13028 4761 8821 
138 
6876 
11652 
5833 
7506 4036 
11883 
214 
638 
240 
4197 5949 
2876 
214 
138 
101 
9088 
251 
214 
10276 
8392 7293 3091 690 11765 
251 
6075 
138 
403 
5073 
2241 2379 
240 
58 
58 
375 
2555 
240 
58 
3400 
214 
403 
7251 
2076 
2878 
7442 
7094 11248 14179 251 2744 
2684 
13813 1464 512 12726 
7611 10348 
138 
240 
2503 3539 
4761 11355 8821 
138 
2882 
375 
58 
375 
7732 
638 
138 
58 
10865 
2196 9280 8510 
14916 
138 
638 
60 5932 9808 
3890 
635 
14137 8830 5571 
635 
833 
375 
240 
635 
35 
8911 3095 9767 
4777 
1677 
12397 
138 
49 
138 
101 
9029 
2670 
214 
1929 635 
2882 
3116 
36 
3663 10315 251 2744 12929 14179 7094 12815 
3663 3708 
2983 
138 
833 
35 
214 
58 
138 
2845 
58 
650 
5064 
3116 
1043 
1278 
138 
214 
3572 
138 
35 
58 
240 
36 
7094 10315 251 14179 2744 12815 
36 
8156 474 
138 
138 
2805 
646 
240 
35 
1383 
58 
4398 
101 
9229 
8441 
1415 
2407 11406 11120 7580 397 10406 
9254 9129 
49 
101 
58 
214 
8830 
2018 
332 
101 
36 
138 
474 
3662 
8838 
214 
10276 7490 8071 
3244 1474 
706 
1683 1836 
8560 
464 6042 986 10829 12330 43 7890 6410 1473 
5281 
1359 8180 5246 
4667 
8260 13180 
138 
7806 
101 
2478 
1836 
7733 
403 
240 
214 
1801 3521 2670 
240 
5852 
7806 2448 
9 17 
397 
214 
5571 7816 3974 
35 
36 
10358 
6968 
1785 
138 
214 
2731 36 
35 
53 1683 
138 
403 101 
3244 
11381 12314 
138 
4503 
58 
36 
3632 3663 251 
657 
251 
3141 
4659 3559 
3116 
11773 1209 5497 
7533 8729 9596 2555 
3963 1585 
36 
138 
58 
7234 
9535 
11718 
12342 
3244 
474 8156 
3244 
58 
6307 
9 
403 101 
3116 58 
3839 3381 
375 
706 
1818 
4713 
5216 12124 
638 
36 
2044 49 
240 
14137 
214 
2882 
10424 1037 
3845 
718 
138 
3709 
278 
979 
474 
2882 10348 
214 
240 
635 706 
214 
1260 
58 1043 
101 
138 
5912 
9420 
2731 36 
1474 
138 
569 
101 403 
264 
10793 
569 
138 
638 
13836 
1800 6044 4964 
7580 
1542 3141 138 
36 
6534 
58 
7611 
11641 5912 
1339 
5193 
240 
138 
278 6420 118 58 
1068 
240 
4467 
2459 
14561 
833 
51 7020 
833 
11547 
7611 
2379 
58 
6502 2122 
36 
11053 
8510 9280 2196 
35 
706 
7151 
8069 5375 
2241 
278 58 
931 
2882 
403 
101 
13564 4876 
2562 5892 8664 11988 
240 
240 
10315 12815 251 7094 2744 12929 
101 
403 101 
5107 4444 4135 
11168 4295 10032 
214 
14357 
403 
891 
1953 
1818 
6696 
101 403 
138 
569 
240 
8142 1209 
12865 1415 
13444 
3339 5135 7732 
9657 
474 8156 
214 
377 
301 
1054 
8756 9895 11801 
240 
3252 
138 
9089 
1818 
3095 
58 
5543 
58 
10223 6278 3740 
569 
8382 
344 
36 
11355 7139 13028 
247 58 
7596 
138 
36 
5064 
58 
240 
5278 
214 
8179 5391 6571 
214 
138 
58 
4503 
11133 
58 
138 
3003 13944 
138 
6915 7082 
35 
36 
214 
9813 
8689 8690 
10406 
138 
58 
138 
10551 
807 
6202 2017 
4545 
4181 
2076 1033 7806 5887 7678 
403 
4073 8998 
7065 
412 
13564 10492 
882 
3358 
3423 1474 
138 
10929 10276 9470 6858 
2637 789 
4986 12717 
36 2731 
103 
101 
214 
7142 
2379 979 
3063 
403 101 
58 
4398 
833 
138 
638 
5447 131 
8851 
240 
58 
1474 11596 3423 
5571 
13230 
12241 
240 
3934 462 
240 
3262 
12937 
58 
706 
138 
240 
403 
1313 
11253 
375 
1068 
101 403 
4547 8838 
58 
14267 
2379 
240 
240 
4645 1111 
138 
1612 
1394 
240 
58 
375 
138 
3116 
8514 14809 
2640 2076 5912 
10076 
35 
13680 
214 
7049 4086 
35 
125 
13467 10642 
583 
240 
3905 
638 
36 
2731 
2028 
4741 1264 
715 
1474 385 
5572 
3405 
8635 6433 89 8830 2987 5931 
101 403 
3828 58 
6940 
138 
908 
10528 
657 
264 9559 
561 4224 
36 
7858 5854 
36 
76 
240 
8821 2407 11355 657 
138 
10807 
240 
251 
58 
4503 
638 
10624 4067 2460 8951 131 
1278 
344 
7049 
36 
36 
1200 10885 
638 
240 
240 
251 3663 
12013 
36 
761 
1313 
2882 
403 
3191 
5286 
138 
6116 832 
443 
7135 
214 
807 
13847 
12600 35 
3358 
101 403 
101 
3773 1100 
443 
1498 
2211 
138 
403 
1818 
101 
3569 
2241 
1846 
214 
154 
214 
138 
4990 
58 
825 5319 
1400 1633 8996 2737 614 
2705 
397 
4824 
138 
251 
6022 
4585 
138 
138 
138 
251 
58 
251 
403 101 
3296 
2416 13572 
58 
385 11641 
3560 
888 2879 
10069 4652 
569 
101 
7290 
10828 1474 
3557 
1474 
251 
2998 
4264 13768 3133 
138 
240 
13944 
138 
706 
5133 8076 2249 
1130 14753 
4197 4476 11064 
403 
240 
706 
101 
638 
36 
240 
36 
638 
2631 5571 12109 6458 8830 
569 
6749 
2241 
1068 
6881 
35 
240 
5390 
1160 
5434 5061 4964 
138 
36 
5637 
1464 3400 
1034 
635 706 
240 
49 
549 
403 
4226 
1068 
36 
101 403 
3557 1846 
101 
3504 1992 
4069 
2878 
278 58 
1034 2151 96 1732 10752 1785 9704 11363 278 3116 1929 7130 496 635 314 504 3123 1358 58 11055 140 9341 176 
10 
3041 
240 
10543 
214 
489 
2631 
1057 
3244 
214 
9 
1464 
1274 
658 
101 403 
8830 
240 
7197 
58 
6481 991 
58 
174 
4950 
264 
2425 
214 
101 403 
58 
443 
101 403 
138 
3358 
138 
2358 
4204 8240 
36 
58 
214 
36 
1068 
569 
58 
240 
101 
101 403 
403 101 
1534 
13259 
101 403 
403 101 
7026 
101 403 
251 
10709 
2637 789 
138 
138 
6187 
646 
1818 
138 
14069 
3244 
10339 
999 
138 
36 
9439 
2984 
49 
2910 
58 
618 
6915 7082 
2547 
5305 
6473 8648 
58 
6870 
9088 
874 10213 819 2018 657 2028 758 5483 
7661 
6374 
138 
101 
4173 4174 2810 6190 1266 
58 
240 
1674 
2241 
4069 
101 403 
58 
4768 
35 
138 
138 
6789 
240 
5900 4946 
138 
4568 
5160 4300 
2731 
11712 7532 
397 1416 
138 
138 
247 
58 
555 
1846 3557 
240 
138 
1732 
138 
138 
240 
4154 10488 
403 101 
101 
397 
443 
10448 
1818 4824 3288 
13861 
138 
36 
2076 
403 
403 101 
2379 
3231 
2882 
657 
1474 1033 2076 
638 
638 
35 
58 
138 
3244 
13676 
7299 
138 
403 
58 
58 
6222 
8558 3863 
9548 
39 
2731 
101 
1498 
138 
833 
251 
138 
2031 
5068 
13966 
1509 
240 
6747 
240 
5912 
443 176 
4818 4660 5064 
138 
11561 
58 
101 403 
138 
1308 
2241 
138 
138 
2640 2076 
4585 
240 
138 
13896 
1818 
251 
403 101 
240 
676 
36 
3845 
3948 
11952 
58 
638 
1104 
385 
7976 
9717 4603 12724 
706 
36 
706 635 
8556 
58 278 
1054 
1241 
36 
138 
12817 
101 403 
35 
214 
36 2731 
2931 
58 
2028 
2028 
1818 
1608 8263 
4777 706 
3384 5840 13053 
12094 
4768 
101 
2797 
278 
138 
7065 
583 
9987 8256 
35 
403 
7004 
12819 1881 
5649 
676 
8246 
240 
635 
6881 
9216 
11445 
11356 
240 
1389 5295 8635 
214 
9483 653 
36 
149 
4824 
36 
240 
1307 
1920 1084 3356 10155 
10155 
101 
4964 
14267 
8545 
11589 
385 
11336 8948 
4154 
101 
706 
638 
5424 
3338 3280 
635 706 
5924 
138 
859 
17 
715 
240 
154 
214 
4645 1111 
2702 3066 
2927 
101 403 
58 
6044 
101 
214 
240 
7010 
101 403 
35 6307 
1534 
375 
2744 251 
2987 
138 
13836 
214 
214 
2076 3423 
138 
214 
9003 
36 
36 
240 
403 101 
138 
240 
35 
833 
6084 
922 
35 
36 
301 
1858 11460 
36 
138 
4824 
8911 3095 9767 
11635 
214 
101 403 
3190 7601 
403 
10117 
101 
214 
240 
101 
11360 
4178 4954 
9054 
5141 
1029 
811 
35 103 
403 
58 
4777 
2095 
36 
138 
138 
803 
8838 
569 
3332 8996 614 
58 
101 
7007 2964 
138 
7010 
545 
1054 
138 
1732 
4614 
3063 14077 
138 
7023 11313 
3057 
2201 
138 
5128 
89 12767 
2241 
833 
1903 
4300 
214 
6748 11215 
403 
240 
13701 12966 11423 
101 403 
138 
58 
6338 
7601 3610 
1534 
138 
15 
138 
403 101 
240 
131 3934 
58 
138 
5272 
6547 9732 608 11413 
6222 
4824 
4503 
36 
9549 
4069 
251 2744 7094 
362 
240 
397 657 
403 101 
8076 5133 
240 
1817 
101 
278 
251 3632 
2882 
1278 
1542 
3141 
240 
1818 
3948 
1818 
9897 
36 
1820 
1474 
5997 
5152 14049 11752 
4652 
657 
2744 12211 
240 
9523 
4946 
12589 
4503 2162 
9559 
569 
35 
138 
1043 
101 
11370 7806 
11558 7490 10895 
3751 
598 14553 
58 
4227 
101 
7027 
5826 5447 
214 
154 
635 
138 
1524 
5068 
3244 
138 
36 
706 
9148 
101 
9808 
4069 
6603 
240 
36 
6965 
138 
569 
891 
6156 399 
138 
138 
657 
8745 
101 
36 2731 
36 2731 
403 
240 
101 
214 
8596 
3208 
138 
859 
8178 
58 
101 403 
214 
36 
403 101 
11396 
193 
474 
58 
35 
403 
138 
3399 
7617 
2201 
58 
2241 
17 9 
5473 
1230 
101 
278 58 
62 
101 
10405 
138 
2805 12356 
2254 
138 
101 
2241 
1621 
240 
240 
4017 
51 
58 
138 
240 
2234 
138 
332 
1068 
138 
214 
2904 7379 
1542 
101 403 
979 
657 
657 
10 9 
240 
1474 
3133 
1498 
3890 
214 
3120 
8917 
657 
2241 
5964 
138 
3672 3072 4764 
6801 13170 1209 
240 
3116 
3004 
10263 
214 
138 
4154 
5273 
3255 
11926 1474 
240 
35 
138 
8045 
6694 
1542 
36 
240 
214 
5246 
638 
4824 
12256 
4184 
2552 
6470 
9559 
798 8838 
833 
1612 
138 
635 
7532 10807 8024 12949 
58 
58 635 
3513 
403 101 
1785 
7990 
101 
2196 9280 8510 
240 
2036 
58 
706 3381 
3288 
15 
1278 
240 
9066 
833 
715 
2018 
403 101 
1444 
4086 
403 101 
101 
1818 
635 
138 
6075 
5951 
8053 
58 
138 
138 
138 
8149 
9993 
13960 10628 
403 
138 
101 
2407 
3252 
6603 3133 
397 
258 3303 
240 
2379 
8559 
251 
11056 
12759 
13348 
1732 
7563 
6968 
403 
397 
240 
11281 
638 
138 
101 
251 
6633 
1464 
35 
5262 
9607 
138 
14768 
240 
5418 
6433 
101 
8200 4444 4814 
138 
2689 
1919 
7142 
5453 
138 
138 
138 
4946 
635 
2425 
11247 
10132 10076 
4574 
3116 
138 
1411 13548 80 
638 
138 
7320 
2731 36 
101 
4824 
138 
9405 6163 965 
58 
214 
1836 1802 
240 
5061 5434 
9338 7796 2797 
2731 
9 
1278 
1398 
7445 1076 614 8996 
2882 10348 
214 
635 
635 
7363 5442 13033 
833 
2640 2076 
4584 
1818 
138 
706 
58 
1534 
798 
2240 3355 
4574 
240 
251 
58 
8799 
101 
2731 36 
604 
58 
2379 
403 
1054 
4585 7806 
410 
2706 
214 
58 14205 11160 
4778 
1278 
240 
214 
2706 
344 
12965 13717 
240 
1278 
3817 
138 
58 
240 
36 
2028 
240 
214 
36 
4960 
657 
2028 
8053 
5266 
58 
5180 
3632 251 
240 
12512 
58 
1043 
35 
375 
1278 
2744 10725 
6296 
278 
9054 
278 58 
344 6336 
12625 
2882 
4659 
240 
1358 
6841 
589 
101 403 
375 
403 
2066 
101 
138 
58 
8959 
9231 
101 403 
706 
1542 
7299 
240 
101 
2018 
12695 
138 
4730 
3517 9559 
2028 8821 657 
1264 
2640 
240 
5733 
3133 
385 
214 
4690 5399 5592 1778 5553 
138 
262 
58 
240 
35 
2405 3329 
138 
1063 
11567 8368 7078 
138 
11600 
3557 
138 
8246 
7776 
979 
474 8156 
635 
35 
3141 
4407 11926 
1054 
4652 
1250 10672 5391 
138 
10969 
2731 
690 
1474 
75 
35 
4713 
385 
7086 
638 
138 
138 
13493 
240 
131 
176 58 
174 
9229 
8359 5705 
214 
1818 
35 
240 
10757 
4939 
35 
375 
138 
138 
36 2731 
58 
657 
5281 
10300 
1818 
1798 
375 
1068 
979 
36 
5977 
35 
10348 
138 
214 
3663 4743 251 12194 
5964 
2665 
7108 
13110 
264 
138 
403 101 
138 
101 
58 118 
8071 6650 
4771 
35 
3939 
138 
10153 7952 
240 
8830 
4824 
3828 49 
2878 
1207 
138 
36 
2845 
9910 
13534 
2407 
101 
4585 
6407 89 
7079 
138 
10825 
240 
11142 
7295 
4417 1826 1827 
3560 12864 14296 
8153 
344 14795 
635 706 
5331 8594 
240 
240 
101 403 
6915 6889 7082 
3252 
8838 
4946 3605 
385 
58 
101 403 
36 
7776 
11250 
12337 5924 
657 
240 
10792 12476 62 5553 841 
1043 
58 
8796 5615 
214 
9 
36 
2045 
1498 
240 
3400 2849 
58 
5106 5295 
58 
138 
6279 12726 1464 
4545 
7901 4964 
1785 
101 
214 
138 
403 101 
10748 6433 
11383 13085 11808 5120 15 
251 
10273 
8690 8689 
1610 
403 101 
58 
6022 
58 
2434 
138 
240 
240 
3557 
1542 
2731 36 
657 
1474 
58 
1140 2797 6395 
6087 
101 
1068 
4154 
403 
35 103 
218 1339 
58 
3329 
2028 
214 
1068 
569 
13297 
11107 
101 403 
5615 
4771 
8893 
6849 
43 986 251 3663 
385 
13406 
403 101 
9533 1400 
2667 
3504 1992 
2731 36 
1230 
7320 
58 
3185 
60 6696 
8903 
3558 6102 
2241 
1068 
4946 
240 
4503 6279 
6307 
859 
4929 
5951 635 
2904 7379 
2882 
193 
214 
9660 
1498 
13193 
403 
3916 
101 
567 
14087 
7173 5434 12045 4687 
138 
3839 
598 
715 
36 
58 
1797 
8640 80 
36 
214 
1622 
101 403 
6313 
89 3337 
1278 
635 
3804 
10269 
101 
101 
1054 
325 
101 
5281 
11448 8176 397 
658 
403 
58 
3890 
12200 
2379 
240 
35 
251 
2297 
245 
58 
101 
278 
58 
5943 
240 
240 
138 
7162 
2878 
4243 
89 6407 
8382 
58 
138 
1987 6280 3610 
7338 
954 
4 
6027 
6818 8769 
2241 
3607 
154 
58 
891 
638 
1612 12561 
58 
301 
1418 
13926 
5847 
251 
9657 
569 
403 
240 
2499 
399 
1542 
5911 
4430 
5180 
10975 
101 
3632 3663 251 
10500 2183 
240 
58 
6862 
11572 
6696 
4519 1809 5107 4444 
12894 
1992 5487 3504 
1992 5487 3504 
8729 3701 2555 
1956 
138 
10009 
214 
7580 4545 
638 
58 
138 
36 
138 
5757 1282 
3550 
138 
569 
101 403 
138 
7776 
1033 
138 
58 
403 101 
7602 1474 
7934 1905 
12512 
251 
706 
165 
11600 12409 
979 
569 
58 
2211 
101 
2241 
251 
10603 2450 8060 6412 
1785 
11839 2774 
4178 
6057 
101 403 
36 
1068 
7919 
240 
5277 11678 
4145 
2008 
6184 
138 
58 
2555 
4263 
138 
11667 
344 
49 
11160 58 
658 
138 
138 
11206 
214 
2241 
6043 3845 
403 
3424 43 3663 
35 
7086 
3770 
7437 
8089 
240 
101 403 
13863 
12240 
138 
1508 3521 
3400 1464 
240 
36 
35 
240 
3381 
403 101 
240 
35 
89 5892 
3503 
2878 
240 
3224 3900 
4407 1474 
58 
2805 
138 
6339 
1140 6395 
101 
7611 
278 5733 
4069 
35 
36 
251 
474 
6875 
58 
8556 
58 
58 
7805 
11883 
11718 8045 
58 
58 
9902 
36 
8413 
403 
35 
2241 
11155 
240 
214 
58 
5931 
2210 
251 
1464 
214 
101 
2670 2667 
101 
101 
6528 3422 
2878 
14215 
6062 
138 
101 
403 101 
638 
240 
12203 
138 
8635 6433 89 8830 2987 5931 
240 
3123 
8545 
214 
578 
2379 979 8699 2241 13035 3890 
8156 474 
403 101 
1930 
35 
138 
635 58 
2358 
403 101 
472 
138 
36 
1474 
258 
58 
138 
8215 12855 14209 381 
9265 650 13278 
8153 7445 
2018 
7065 
278 
240 
1314 12647 4039 76 
1156 2191 
101 403 
3150 8001 256 
5951 
704 
240 
2318 
5588 9384 
4778 
635 
3094 
332 
3546 
58 
1721 12152 9085 
138 
10425 7453 
3623 
58 
7960 
138 
101 
138 
138 
4614 
138 
101 
403 
6379 
101 
138 
138 
4263 
2927 
2273 
15 
138 
138 
1809 4444 4519 
403 101 
214 
138 
1524 3104 
638 
138 
36 
214 
1785 58 
3916 10348 
240 
4691 474 
7027 
403 
60 
2878 
138 
214 
13434 
638 
8897 
6473 8648 6433 
576 2514 2399 
58 
214 
9523 
1001 3793 
6774 7490 
214 
58 
5071 
13585 
14700 
58 
58 
35 
403 101 
1905 7934 
251 
17 
101 403 
11883 
58 
375 
138 
36 
3878 
2744 
138 
58 
36 
58 
2882 
5935 9018 
11294 
12841 
9192 
2241 
214 
1785 
859 
138 
1698 
5571 
1524 6875 
7919 
101 
5845 
1818 
11104 
1314 76 
138 
2076 
3810 
17 
403 
138 
36 
240 
36 
10032 
138 
5571 
504 
214 
101 
10778 
214 
4154 
1498 
12995 
214 
4964 5023 9595 9412 
4481 
214 
138 
58 
138 
58 
1054 
62 
638 
13065 
101 
2028 
240 
7586 6433 
101 403 
101 
635 706 
10425 7453 3072 3672 
1464 
5483 
2028 
1534 
657 
58 
2555 
251 
5912 4263 
6747 
11958 
859 
2927 
13330 
1209 12093 4964 
101 
138 
138 
5023 4964 2669 2674 11988 
2705 
36 2731 
403 
12587 
138 
6915 6889 7082 
58 
240 
403 101 
12815 
5571 
58 
8830 9855 12101 
332 
1033 1474 
138 
240 
11732 
8936 
101 
35 
214 
1207 
774 
101 
58 
101 
240 
214 
2357 
7611 
9338 
240 
657 
474 8156 
12016 
913 
138 
6691 5571 
657 
4417 5292 5418 
10666 
4166 
101 403 
1818 
4264 2706 
6332 12646 
14221 
3063 
4173 4174 2810 6190 1266 
138 
264 
8053 
1278 
138 
464 6042 986 10829 12330 43 7890 6410 1473 
403 101 
4503 
5925 
138 
101 403 
1260 
12357 
214 
138 
240 
403 101 
734 
1245 4946 3340 10748 
443 
569 
403 
569 
1474 3423 7471 
214 
7806 4263 
240 
7876 
58 
301 
657 
58 
138 
138 
101 
36 
4691 474 
377 
138 
240 
176 
6937 
101 
240 
101 403 
8112 
403 
240 
9440 
58 
2927 
5273 
35 
101 
101 
132 
138 
8659 6851 
11558 7490 10895 
36 
403 101 
11773 1209 5497 
7678 
13933 
214 
138 
4503 
2162 3400 
3063 3558 
3452 
58 
12279 
9001 
4585 
58 
251 
12768 6814 
240 
1271 11852 
214 
504 
138 
35 
214 
58 
138 
5064 
4300 11413 
214 
53 1466 
9287 
1464 6279 
58 
7935 
101 
4585 8949 9414 
214 
101 403 
12107 8024 
214 
36 
36 
8895 
3905 
101 403 
12649 
11072 
301 
3610 
214 
251 7732 
138 
4296 
36 
101 
8180 
138 
1307 
2718 2399 
58 
13430 
2731 
3701 12290 6024 8729 
7580 1169 
138 
504 635 706 
1542 
2915 6885 
11883 
35 
3740 
403 101 
240 
403 101 
5071 
2805 5852 
7126 
1043 
240 
2882 
6534 
138 
240 
36 
36 2731 
1818 
138 
240 
138 
101 403 
101 
17 
275 
214 
11948 
5778 
4166 
12434 
11314 1969 
3663 
3557 1846 
214 
36 
4263 
10424 642 
5483 
214 
13988 
774 
2241 
10113 
240 
605 
101 
36 
4135 4519 9405 
214 
101 
403 101 
58 
7554 3356 5731 1920 3455 1084 
5098 
2882 
35 
101 403 
138 
5553 
6279 2162 4503 
8023 1701 
2812 
9764 8254 8255 9358 
9764 8254 8255 9358 
544 
11429 
3191 
638 
240 
36 
4697 
635 706 
859 375 
58 278 
35 
138 
403 
1278 
138 
4166 
101 403 
403 101 
36 
3485 
403 101 
251 2744 12815 12211 7094 
4584 
138 
12354 
138 
4852 
4741 2486 
214 
403 101 
278 58 
8821 
1267 
58 
6274 
138 
2210 
1043 
913 
8821 13028 
14570 
10097 
715 
638 
403 101 
3182 12001 
1070 
769 
138 
2706 3375 
3400 14914 
36 
308 
138 
380 3895 
101 
240 
1250 7939 
9230 
3796 
101 
7008 1474 8957 
3133 7299 
5375 
638 
9280 
240 
17 
7776 
138 
4964 6433 
4999 12443 
240 
2297 8389 
6748 
2353 
214 
4614 
36 
6433 
3035 
36 
138 
13571 
859 
138 
2718 2399 
3890 
3663 251 
58 
9895 8389 10358 
36 2731 
10 
375 
4585 
2731 36 
251 6949 43 
2706 
9550 
3244 
58 
6182 
10300 5416 
58 
36 
9961 
549 4537 650 
2082 
36 
8306 
58 
403 101 
58 
36 
1474 
138 
36 
240 
138 
706 635 
3244 
240 
8968 
3094 4659 
1785 635 6330 
1087 10837 
214 
2216 58 
5912 
769 
10003 
7445 1076 614 8996 
7833 
58 
75 
58 
7082 
214 
2475 
715 
251 
214 
986 
251 
7892 
101 
1339 
10263 
6307 
35 
7227 
5192 
769 
138 
58 
3422 
138 
58 
2241 
403 101 
251 
1209 2787 
1836 1802 990 
240 
5160 
3942 
1474 
58 
35 
214 
403 101 
138 
4946 
443 
36 
4456 
101 
58 
3400 2849 1464 
4069 
10666 
251 
58 
58 
36 
3256 
9843 4832 
138 
7290 
301 
2731 
36 
6534 
2706 
3148 
138 
4444 
8354 1582 
35 
214 
979 
4414 
138 
2702 
36 
138 
2196 9280 8510 
36 
138 
913 
5007 
138 
5083 
247 
706 8639 
1524 
240 
240 
11948 5439 
101 
229 
101 403 
138 
3517 
214 
8875 
2241 
138 
240 
3252 
12740 
7602 12562 
403 101 
6818 
8992 
138 
240 
58 
332 375 
2028 
101 
4673 
1818 
8188 2147 
403 
706 
10069 4652 
403 101 
101 403 
1080 
4990 
2358 
35 
2767 
6747 
240 
138 
736 
4265 
375 
214 
58 
214 
4535 
8776 
635 706 
4503 
58 
10015 4946 5193 
58 
6280 
214 
859 
4017 
3890 
2018 
8886 
6892 
101 
1732 
3963 10109 
240 
6365 8556 
638 
11406 
9 
403 101 
6548 260 
2444 
251 
833 
706 
504 
6338 
10358 
1818 
58 
2910 
36 
5571 
2241 
247 
240 
214 
240 
979 
443 
251 
11072 
58 
578 8018 
5507 5319 13753 
569 
101 
2878 
2432 
569 
3810 
101 
58 
214 
4503 2162 
650 342 
6747 
10865 
4545 
138 
403 
4824 
635 8246 
138 
5597 5061 
7299 
8510 9280 2196 
2028 
138 
301 
58 
397 
138 
58 
5614 
214 
8897 
36 
1474 
101 
3557 1846 
5571 5310 
3244 
2688 
138 
138 
240 
803 
35 
1278 
138 
240 
138 
10743 
58 
715 
1415 
138 
2076 10709 5887 
36 
35 
4450 
2731 
58 
58 
138 
4985 1477 
3688 
1818 
1820 8069 
638 
2242 
138 
5951 
7901 4964 
58 
214 
6530 
35 
706 
706 
12855 2393 
14798 12113 
3262 
635 
111 3341 3123 8238 
657 
6863 
11871 
464 6042 986 10829 12330 43 7890 6410 1473 
706 635 
4069 
2028 
8596 
58 
3572 
403 101 
240 
240 
2018 
13554 
101 403 
6782 
35 
2407 
240 
1033 7806 11926 2076 1474 
58 
36 
11355 
6490 
635 
36 
10948 
11133 
251 
4879 
1043 
403 101 
4280 
6168 
1413 
8045 
1818 
375 
403 101 
214 
138 
76 
4878 
2241 
58 
635 
101 403 
8249 
4218 11296 
9179 
2028 
58 
101 
3605 4964 
89 3231 6407 
375 
13405 
1278 
1702 
9843 430 
638 
2878 
8189 
12389 2773 
101 403 
8805 
706 
13730 
251 
517 
6524 
1324 
7566 
35 
101 
12944 
559 
2251 
101 403 
240 
4824 
138 
36 
240 
7733 7027 
10654 
8435 
36 2731 
35 
715 
3612 
36 
5281 
8465 
2018 
1542 
138 
443 
240 
375 
214 
2241 
138 
3506 
1043 
58 
403 101 
138 
638 
138 
638 
214 
138 
1509 14080 
3252 
240 
138 
2706 
10118 
58 
3513 
58 
36 
101 403 
5061 4687 
3238 
36 
138 
7650 
138 
240 
6889 
10333 3755 6304 1359 12530 
8864 
214 
7594 
2509 
6502 2122 
706 
240 
8506 
214 
3042 4743 986 251 3040 3632 3138 
2525 
403 101 
58 
251 
6997 
569 
1992 12279 3504 
403 
2984 58 
1612 
7554 3356 5731 1920 3455 1084 
8112 
138 
4094 
7425 
6365 
8558 
214 
11072 10225 
101 403 
1785 
101 403 
138 
403 
13764 13495 14049 
403 
138 
6332 12646 
443 
403 
138 
138 
240 
3303 267 
2469 
8729 3701 2555 
1818 
1818 
240 
214 
9111 
214 
58 
8756 9895 11801 
7911 
214 
138 
101 403 
6187 
58 
2379 
2018 
214 
403 101 
4503 2162 
240 
397 2028 12789 758 
4154 
657 
214 
4879 
9657 
10673 
240 
138 
58 
35 
3632 3846 251 
4017 
7952 
4503 2162 
138 
101 
9657 
35 
4082 
6313 
58 
6697 3506 
35 
35 
657 
9308 
138 
1130 
101 
10798 
638 
10361 
251 
138 
5605 
9962 
10262 
10361 
561 4044 
240 
12468 
214 
859 
138 
101 
240 
13958 
9590 
9173 
251 
101 
214 
2442 7173 13805 
7106 1209 12045 1509 
3099 6737 
11669 
657 
214 
138 
1836 1802 
240 
4597 
1818 
1278 
403 
8071 
4824 
9542 
6094 
138 
224 
7151 
58 
544 
1621 
1164 
2688 
251 
240 
7594 
1818 
11142 
138 
3337 4946 4939 5597 
706 
4154 
7892 
2731 
4551 
138 
191 
9550 
3400 1464 
138 
7476 
58 
2018 
403 101 
101 
101 
9470 991 
240 
36 2731 
138 
4017 
36 2731 
6202 12109 
403 
4036 
344 
1111 4645 
979 
138 
138 
635 
58 
706 
240 
3531 
5786 
2095 
3969 
1702 
101 
138 
36 
1915 1509 
138 
138 
10835 
4824 1818 
101 403 
214 
4161 2031 
6875 
6313 
1068 
9657 7611 
8264 
4833 8486 4224 
4503 6279 
101 
1548 
101 
10500 11948 6432 
12424 
8626 
12209 
1818 
138 
4430 
657 
12601 397 
8510 2196 9280 
3557 
2384 
58 
504 
403 
58 
1992 3504 
138 
264 
657 
474 8156 
101 403 
138 
138 
403 
17 
58 
214 
2927 
13770 
7478 
6222 
5951 
138 
36 
706 278 
403 101 
10139 
36 
214 
403 101 
58 
214 
13734 
403 
35 
138 
1278 
638 
6881 11250 5468 
176 
10292 4873 
9341 1410 9170 8246 443 3785 1024 843 706 10034 96 496 7582 7863 2843 278 635 11704 11055 
58 
2882 
5068 
138 
3116 
138 
657 
35 
2018 
214 
1563 
138 
403 
13528 
36 
240 
3151 
1818 
138 
3890 
377 
1612 
138 
7681 
403 101 
5572 
4713 
8053 
3381 
1797 
251 
138 
8874 
9 
36 
138 
214 
58 
3893 
706 
2637 789 
638 
4895 
138 
214 
9275 3969 
35 
138 
58 
138 
10118 
833 
101 403 
101 403 
214 
1464 6279 
154 
11610 
10705 
9483 653 
251 
138 
9280 8510 
2916 
13387 11852 
58 
539 
214 
58 
7185 
638 
403 
5081 
138 
2861 
7700 
58 
5571 
58 
58 
2797 
5390 
3570 
3663 
6365 
36 
4547 
10069 
14088 
2603 
4312 
138 
706 
138 
3503 
2702 
214 
138 
138 
3416 
5924 
3916 7611 
9280 
240 
6490 
13293 
8867 
10828 1474 
101 403 
504 
12154 
214 
10032 
138 
635 706 11055 
138 
101 
36 
3262 
559 
138 
403 
138 
1278 
4929 
715 
3673 
278 
214 
3167 3063 
11425 4946 
9229 
351 2229 
240 
138 
11667 
138 
251 
539 
2845 
58 706 
4667 6574 2234 
240 
251 
214 
35 
58 
8796 
11852 13387 
5619 
10118 
138 
403 101 
2503 3539 
1905 7934 
10969 
9563 3120 
504 
635 706 
36 
240 
635 
10162 
344 6187 
397 4545 6997 7580 
2028 
5786 
35 
240 
1905 7934 2031 
58 
4263 
138 
240 
833 
9523 14088 
11030 
3381 
5160 
240 
13311 
559 
1464 3400 
4417 
3262 
58 
4069 
101 403 
2998 3560 2555 6953 
1068 
4707 
240 
6758 
3663 43 
6925 
9523 
138 
101 
240 
138 
214 
3708 3663 
375 332 
385 
4154 
240 
5506 1266 8445 
58 
1621 
1542 
2028 
214 
8497 
214 
706 
380 
1847 
991 52 
2845 4166 
638 
5527 
89 12963 
3890 
138 
36 
1278 
214 
58 
138 
4094 
35 103 
214 
4280 2816 
1847 10045 
138 
240 
9195 
101 403 
138 
4322 
657 
722 
2008 
101 403 
101 403 
1785 
240 
4224 8071 
12782 
6968 
214 
214 
103 
2555 
7865 
2095 
58 
4503 6279 
2882 
1509 14080 
58 
7482 6069 7481 2445 
4339 2407 12549 7580 397 2028 1270 11406 13688 
635 5951 
1209 6801 
2028 
9135 
3895 
214 
8903 26 
138 
403 101 
8769 
11356 
174 
12657 13979 13926 13771 
504 
3916 7611 
474 
138 
5400 1068 
2384 
7219 
7472 
397 
11694 
58 1304 
214 
4946 
10709 
138 
10517 6889 10768 7082 6915 
3050 6979 
58 
5997 
1992 3504 2520 
1277 
7796 
101 
1589 4957 
403 101 
1992 3504 
8663 
3116 
13177 7594 
214 
443 
11948 
1474 
7490 2631 
4503 
138 
7822 
35 
58 
214 
375 
58 
657 
214 
35 
138 
101 
101 403 
58 
10 
375 
5199 
443 
58 176 
11762 
35 
403 101 
138 
176 58 
36 
76 
1043 
13914 14720 14644 
101 403 
859 
239 
36 
35 
8725 
2766 
138 
101 
35 
138 
635 
9080 1509 
1474 10828 
1278 
638 
58 
174 
2882 
214 
3116 
36 
58 
1875 
403 101 
798 
635 
403 
334 
36 
523 
1207 
4263 
4419 
11106 
58 
2940 
58 
13402 36 
36 
504 
3319 
58 
4026 
2581 
2028 
1818 
4614 2882 
138 
214 
9702 
165 
4925 
403 
214 
36 
3560 3701 
138 
9280 8510 2196 
7008 1474 8957 
569 
193 
1474 3423 11596 
991 
424 103 
240 
2241 
1821 
1278 
5506 1266 
138 
3916 
6102 
1474 
138 
11431 6130 
144 
4154 
2028 11120 6490 
138 
2637 1038 789 
35 
251 
138 
8076 769 5133 1458 
2927 
4069 
138 
7663 5341 
9870 
240 
214 
214 
214 
497 
3423 2076 
2028 
214 
5032 6148 4093 
397 4545 6997 7580 
15 5712 
6222 
642 
138 
3242 
9628 
264 
14544 
3503 
58 
58 2328 
14020 251 
11133 
101 
657 
240 
4806 
7133 
598 
138 
138 
35 
1542 
3244 
138 
89 
101 
10032 
240 
7445 1076 614 8996 
36 
4741 
11355 
1574 
58 
138 
4069 
2706 
8821 
138 
138 
325 
214 
859 
859 
214 
36 
301 
101 
2731 36 
138 
240 
5273 
35 
11200 
58 
138 
35 
5786 
36 
2486 
2155 
240 
5071 
4532 
7950 
7238 
4398 
240 
403 
4679 
2210 
101 
12582 
3788 
4545 
138 
2028 
2878 
332 
13056 
138 
7218 
6743 
251 
240 
247 58 
138 
138 
7611 
17 9 
2882 
1278 
5375 
3504 9222 1992 
214 
240 
5615 
36 
3120 
214 
403 
214 
240 
101 403 
58 
14111 
2506 
101 
101 
2241 
240 
247 
9535 
35 
1818 
403 
4224 8912 
1274 
214 
240 
214 
240 
3123 118 
12757 
138 
58 
101 403 
6633 
138 
138 
1140 6395 10405 
240 
138 
35 
403 
240 
4535 
7312 
138 
9845 
706 504 
58 
240 
4895 131 
36 2731 
240 
2882 
2028 
1339 
138 
403 101 
138 
424 1801 
11133 
214 
2731 
229 
138 
504 
58 
798 
240 
49 
3384 
2923 
3607 
13430 
4964 12963 
3116 
9867 
101 403 
598 
391 
375 
3477 
657 
7010 
10371 
138 
251 
2797 2211 
3890 
35 
4824 
891 
10013 
1209 
2689 
58 
35 
138 
6858 12434 
1903 
657 
344 
4519 4814 
1702 
332 
36 
58 278 
3004 
2684 
375 
6863 
9 11341 10 
635 
214 
240 
11329 7816 
3822 13690 13717 
58 
138 
4069 
332 
2882 
138 
6747 
657 6883 
214 
375 
240 
1818 
1474 
6567 
4519 3388 4444 4814 
58 
3123 176 
443 
1698 
5571 9412 
7806 5912 
10846 9025 
10942 
6279 
6889 
11479 
859 
35 
58 1929 
833 
138 
4990 
2241 
3116 
6926 
4069 
4954 5571 4224 
6292 3466 
240 
2370 3094 2003 5211 4659 
2108 
7133 
101 
3400 1464 
6548 
138 
403 
36 
403 101 
101 
7611 
138 
10715 
58 
138 
138 
138 
101 403 
3412 
240 
58 
1542 
240 
2934 
6202 7490 
4950 
138 
635 
58 
3572 
1029 
833 
2459 
9352 
706 
9265 
3727 
58 
1458 7796 2399 6498 5341 
403 101 
7892 
6366 
251 
8180 
7602 9545 10021 
58 
101 
403 
5614 355 
3262 
138 
240 
2379 
2878 
2998 
36 
638 
240 
9293 
214 
7883 
58 
13530 11314 
138 
2211 2210 8558 
8675 
761 
3063 
7360 11888 
487 
2882 
251 
7611 
1732 
3035 5840 13753 5319 
859 
2241 
7233 
6433 
214 
12013 
2028 
138 
10132 
941 
403 
4659 
214 
101 
58 
3337 
1785 
5904 
403 
638 
138 
101 
14482 
101 403 
138 
101 403 
36 
3327 3094 
6187 
3751 
240 
403 101 
36 
240 
635 706 
403 
1230 
58 
101 403 
9961 
101 403 
1464 3400 
635 
6409 9767 
58 6660 
138 
138 
214 
264 
35 
403 
466 
138 
6506 
3761 
10348 3916 
240 
5133 8076 
4166 
58 
138 
138 
240 
1359 
240 
138 
4345 
1498 
138 
8570 
5163 
3252 
6307 
214 
240 
58 
35 
138 
377 4154 
1785 
403 
214 
36 
6718 
7776 
101 
240 
58 
403 101 
251 3663 3632 
240 
138 
2241 
3595 
2211 
138 
4652 
240 
9175 499 
35 
7611 
6459 
2516 
214 
35 
240 
10206 60 18 
12743 1474 
138 
403 101 
2076 
1505 6052 
7126 
36 
412 4942 514 4532 
3788 
1612 12561 
58 
36 
3503 
58 
833 
36 
9900 
4961 
138 
13974 
58 
101 
10173 
3244 
10333 
6433 753 
11133 
1612 2706 
3751 
2162 4503 6279 
6821 
1264 
7087 2287 
138 
138 
8699 
251 
4656 1582 
138 
138 
14936 
35 
638 
58 
214 
1905 11322 
4903 13582 
214 
4964 6433 
138 
36 
101 403 
138 
2878 
375 
13965 
58 
11673 
12017 
1018 
5098 
58 
240 
36 
214 
138 
138 
240 
986 251 
403 
2280 
36 
278 58 
397 
14221 
3920 
1043 
403 101 
4154 
7299 
36 
1732 
240 
2379 
58 
7152 375 
214 
101 403 
658 10786 14427 1524 
9542 8704 10998 13753 
4528 
12647 1314 4039 11445 
138 
214 
101 
4895 
36 
833 
101 403 
1043 
9893 11540 
334 185 
12405 
240 
9805 
12208 
375 
3405 
828 12600 35 
4724 
101 403 
6261 
638 
240 
138 
403 101 
1444 
101 
4473 
4024 
12337 5924 
10929 10276 9470 6858 
385 51 
5199 
4154 
715 
58 
240 
403 
8796 5615 
986 
1836 
176 
706 
3916 10348 
13088 
6044 4964 
7251 
3288 
1905 
214 
9755 5912 
1992 5341 
12816 
58 
138 
138 
2028 
9948 
13974 4679 
11972 1785 1929 58 1034 3848 
58 1785 
13777 
89 
7678 
2845 
251 
2241 
214 
58 
12935 
58 
403 
1509 12765 7283 
138 
138 
2399 2718 
4512 
812 
138 
278 
36 
58 
58 
58 
403 
6979 
954 
7592 7934 
2878 
58 
8413 
35 
11931 
344 
101 403 
214 
1818 
8151 
9 
240 
138 
5083 
3916 
36 
7580 
1359 
138 
138 
638 
1474 
403 101 
5439 
3662 
5416 13070 
58 
3572 
2162 4503 2849 
10478 
1994 
9293 
101 
13523 14094 
397 
7432 
5924 
36 
3890 
2241 
214 
58 
7248 
4921 711 1282 
36 
1508 
138 
4263 8957 
10877 
278 504 635 58 
545 
58 
58 
1278 
1278 
6892 
240 
240 
3355 6639 
6156 
1037 
3632 
657 
4964 
1885 
2882 
5135 
332 
1818 
101 
635 
58 
1245 
2018 
11469 
101 403 
635 
4964 
1282 
8949 12762 4652 
58 111 
240 
638 
9341 1410 9170 8246 443 3785 1024 843 706 10034 96 496 7582 7863 2843 278 635 11704 11055 
10518 5497 1209 
3930 
36 
375 
2731 36 
214 
11138 1509 
9948 3400 
8851 753 1755 10685 
3560 
101 
8246 
4771 
12373 
240 
6940 
2547 
138 
43 3663 9879 251 3846 986 3632 3138 
1037 3569 
36 2731 
4269 
472 13149 
3474 
3796 
4248 3603 
3244 
822 
638 
7052 
101 
4535 2667 
138 
101 403 
10989 
8560 
138 
58 
58 
7806 51 
7029 
36 
385 
138 
14128 
13690 9733 
75 
403 101 
403 
13893 
403 101 
138 
58 
7210 
214 
240 
240 
251 
12855 
58 
101 403 
58 3341 
35 
5852 
1068 
58 
1514 
6156 6205 
11632 
12781 
1524 
240 
706 635 
3340 
101 403 
138 
101 403 
1307 
138 
4929 
403 101 
3116 
403 
4824 
3123 
5779 
214 
2241 
5138 
4676 
6307 
1732 
138 
36 
101 403 
9987 766 
1736 60 5932 
58 
4824 
247 
2731 
49 
7611 
5359 
11939 
6443 
2241 
1156 
1818 4824 
385 
474 
58 
101 403 
7324 7299 
58 
138 10118 
3916 
251 
1524 
657 
13624 
562 567 
214 
36 
1542 
8046 
3252 
1038 2637 789 
138 
7227 7325 
583 
101 403 
4135 8200 
240 
2767 
355 11155 5614 
1521 
3141 
101 
7919 
251 
3804 
10153 7952 
9259 
138 
7094 10315 251 14179 2744 12815 
403 
214 
7903 2018 
240 
990 53 1802 
35 
101 
2731 36 
8749 11919 
101 
4946 
138 
240 
385 
214 
240 
1785 
4547 
5023 4964 
12726 3400 
6603 
15 5712 
58 
35 
8895 
14025 
1230 
4614 
101 
101 403 
214 
1037 
1239 
247 
2940 
240 
2810 
8556 
1054 
5543 
36 
351 2873 2411 
5506 
569 
138 
58 118 
138 
1574 
6490 4398 
58 
101 
17 
2276 3610 
101 403 
1474 
569 
1818 
58 
487 
2418 706 
101 
1732 
1776 
833 
3658 
101 403 
1207 
1930 3094 12911 8024 
240 
138 
10021 
4597 89 
8124 
138 
657 
58 
1416 
3141 
58 
240 
214 
403 101 
101 
10773 
12067 
13900 
58 
2196 
10286 11313 7023 
1415 
1621 
2082 
3381 
1464 
1820 
540 
4585 
657 
4824 
2076 
4777 
2076 
1278 
103 35 12600 
657 
833 
403 
638 
2731 36 
5341 4772 7763 
635 
101 403 
35 
12508 
138 
5870 4795 
36 2731 
240 
10236 
101 
295 58 
214 
4174 2810 4126 4173 
499 
138 
6521 
11238 
11680 
6490 
138 
12427 
6881 11250 5468 
1465 
12431 
4166 
1683 1836 
6810 
2882 
138 
251 
403 101 
5964 
11155 147 
101 403 
138 
3116 
58 
2018 
12947 6643 
8240 2625 11215 5963 
138 
403 101 
1524 
403 101 
638 
214 
36 
2201 1302 
3004 
138 
2076 
301 
58 2018 657 
403 101 
403 
11406 
214 
138 
2773 
36 
138 
12582 7227 
101 
58 
240 
10791 1337 
101 
58 
101 403 
36 
1043 
7251 
828 35 
11396 
35 
10 9 
36 
3116 
11801 
138 
3519 1659 
1818 
214 
101 403 
240 
6433 
1113 1418 4218 7142 
4503 
240 
240 
2095 
36 
1278 
1818 
2555 2998 5880 6002 3560 
1920 10155 3356 1084 
240 
240 
58 
7467 
240 
101 
2241 
12192 
991 
8769 
240 
4882 
240 
58 
240 
214 
58 
833 
240 
753 
251 2744 
3244 
9563 5262 
8830 5571 
240 
240 
5064 
240 
251 
2603 
4783 
706 
638 
240 
101 
403 
1416 
499 
375 
58 
9232 
2706 
101 403 
403 101 
58 
240 
2399 576 4067 
2767 
35 
58 
2028 
3559 
10709 1474 5887 3423 4263 
240 
1542 
13676 
240 
11448 
3255 
3400 1464 13310 
138 
240 
138 
101 403 
214 
4994 135 
58 118 
344 
138 
12412 
1820 1104 
3116 
706 635 
138 
859 
715 
103 
35 
138 
10406 
138 
6395 
138 
397 
35 
101 403 
9173 
545 
2506 
1818 
138 
2731 36 
138 
638 
5887 4585 
8002 
240 
7732 
491 
2448 4585 
798 
2028 
58 
5553 12476 
1785 278 
1509 7283 7106 
138 
240 
12583 
138 
4652 10069 
240 
10980 
403 101 
859 
3296 
635 
13272 7802 
1785 1929 
6365 
10861 
3341 58 
5706 
58 111 
3506 
36 2731 
58 
3570 
403 101 
35 
6490 
240 
138 
138 
62 
8153 1400 614 9690 7445 9614 6083 3332 
397 
3341 
3629 
247 
138 
2882 
138 
3504 1992 
101 
3342 
35 
240 
9160 
4026 
138 
3632 
101 
240 
240 
138 
1474 
138 
138 
14088 
58 1785 
101 
2490 
240 
2162 4503 
3701 
4289 9456 10317 8362 4290 3302 5210 3095 13201 
138 
101 
36 
5543 
3662 7210 
6130 
3796 
36 
2878 
214 
3560 
36 
3116 
11469 
138 
4197 
138 
240 
750 
138 
35 
397 6581 
8142 
569 
891 
676 
4512 
6187 
2201 
4456 
2162 3400 
11834 
12690 
101 403 
36 
13148 3032 
657 
12295 
403 
138 
8799 
403 
6235 11100 4810 
240 
1130 
58 
2416 5892 
2387 
704 
4585 
403 101 
5007 
1037 
6398 
36 
58 
6433 4224 3224 
3244 
710 
4818 
2731 36 
138 
5571 8830 
240 
138 
240 
1068 
101 403 
2731 
635 8560 
58 
138 
214 
4166 
2878 
9775 
58 
101 
2731 
240 
35 
58 
375 
240 
35 
15 
11586 4961 
638 
1524 3104 
3768 1130 
240 
6875 
3916 
1818 
5083 8180 3542 
774 
240 
6953 
58 
2547 
214 
635 
569 
5483 
4824 
1474 
101 403 
4652 
638 
101 403 
4422 5310 6044 
403 
7806 51 
6490 
6810 
58 
11760 
545 
3709 3845 
4197 
36 
5483 
12124 
35 
635 
11429 
403 
214 
14520 
3252 
2882 
89 3337 1545 6202 5892 2787 
1068 
5787 13717 3822 3658 
1836 
4066 
103 35 
58 
2076 
638 
3632 3663 251 
214 
1818 
4357 
13780 
1621 
569 
6490 
58 
3244 
58 
3503 
214 
5105 
10361 
4017 7082 6915 
2028 
138 
4248 
1278 
240 
36 
1818 
2044 
240 
6422 
3504 1992 
251 
1785 1929 
35 
35 
36 
58 
36 
1785 
7360 1001 11888 
138 
11056 
214 
214 
138 
1542 
7085 10770 58 
7299 7876 
3244 
403 
3252 
922 2273 4656 
2028 
101 403 
240 
2028 
635 706 
5278 
13948 
11142 
36 
240 
138 
138 
58 
10441 
214 
138 
36 
1818 
635 706 
240 
7299 
138 
101 403 
101 403 
614 
1785 
138 
497 
569 
2773 13896 
138 
4777 
1394 
1818 
638 
657 
8556 
138 
3605 13145 4964 2562 
101 403 
1818 
36 
3116 
214 
58 
240 
240 
2028 
9314 
58 
4713 
138 
635 
247 
859 
1209 11328 
6782 
1230 1054 
240 
375 
4929 
2425 
240 
1474 
403 101 
35 
6313 
214 
58 
3116 
264 
214 
403 
9218 
10554 
8153 1400 614 9690 7445 9614 6083 3332 
36 
2706 
214 
8024 12911 1930 6116 11423 3702 12949 3945 
58 
403 
2074 
214 
8886 
569 
138 
58 3123 
176 58 
10911 
635 
1542 
1702 
138 
753 2217 
6187 
240 
240 
3916 
4155 
17 
3232 
6506 
214 
58 
101 
4990 
4026 
9112 1881 
514 
1930 3945 10807 8024 
403 101 
2068 
240 
240 
138 
138 
635 
101 
9548 11423 6116 
138 
1534 
58 
138 
36 2731 
344 
36 
6668 
11889 
658 
3795 
2407 
6313 
58 
635 
240 
138 
2028 
214 
49 
1140 2797 6395 
101 403 
138 
706 
6062 
138 
9748 
11540 
6589 
36 
58 
247 
2637 
101 403 
635 278 
8510 2196 9280 
2878 
10361 
138 
3997 10807 8024 12911 7532 
138 
174 
1498 
1278 
4094 
1542 
4154 
3116 
8435 1968 6882 7628 2553 561 404 8486 2562 5381 4445 4964 6458 5061 89 
3632 43 
9 
12582 
36 
403 101 
240 
8069 
7611 
7471 1474 
7471 1474 
569 
5375 
5712 11281 
62 
101 
2374 
240 
403 
375 
3244 
2018 
58 
214 
36 
7007 8704 
251 
138 
2405 3329 
214 
10414 
35 
251 
4424 
5064 4660 
504 
3120 
138 
10131 
3191 
138 
58 
7281 
251 
4445 
6881 
1303 9487 
5074 
7611 
5133 8076 5341 
7892 1307 3623 
5837 
7246 
1785 
101 
332 
6178 
240 
240 
138 
11011 4173 
1209 
240 
4168 
2442 
36 
138 
4237 
101 
138 
4166 
138 
2358 
4017 
4503 
8582 
6222 
3123 
138 
8 
397 
715 
58 
240 
214 
4990 
2210 
825 
578 8018 
2479 
240 
101 403 
3890 
36 
138 
214 
6434 
4824 1818 
240 
10628 
9783 
240 
138 
6820 
214 
10998 5344 
36 
251 
10757 
138 
101 403 
7594 
375 
35 
10865 
3510 
2706 
4990 
3244 
214 
1054 
247 
3116 635 
101 403 
11871 
214 
638 
1250 5442 3058 
4964 
3916 
1264 
8070 
9447 4064 
36 
4652 
138 
1415 
214 
138 
240 
35 
1277 
2074 
5447 
138 
138 
4824 
1054 
214 
6818 
14137 5441 
559 
58 
833 
240 
9066 13662 
101 403 
176 
3477 
403 101 
8045 14410 11718 
3969 
138 
36 2731 
4066 4067 
638 
3141 
375 
138 
3116 
14069 2361 
5729 
3400 
240 
2162 4503 
900 
1230 
3068 73 2785 
2731 
11596 
138 
6398 
17 
1230 
89 5761 
2665 
9658 4312 
635 706 
12124 8998 
3504 1992 
251 
14582 
10451 
58 
8488 
489 
4652 
138 
138 
138 
138 
11108 
403 
2706 
138 
638 
8176 
138 
7844 8045 14286 
36 
35 
715 
138 
2882 
214 
138 
403 101 
7611 
36 2731 
6875 
4659 
138 
8053 
7299 4264 
5064 
3916 
138 
12279 
240 
4964 12576 13685 5023 
3138 251 10829 5624 986 
58 
138 
638 
9251 
9003 
214 
6502 
1098 650 4537 3485 
3485 1098 4537 650 
214 
3252 
138 
240 
1043 
36 
10421 
403 101 
58 
240 
2705 
