2326 
4843 
9671 
8055 
9549 
13652 
1100 
1321 
11074 
4668 
7266 
12271 
4766 
2129 
1624 
1253 3106 
11815 
376 
4142 
7929 
3939 
4753 
1785 
197 
1675 
11216 
487 
14413 
3296 
6380 4416 5806 6245 1568 11059 2188 8117 3245 4396 
4881 
2999 
7333 
6349 
13468 
13763 
2187 
13177 
3017 
9844 
13518 
11751 
4544 
9703 
0 
11863 
14396 
5438 
11017 
8703 
11313 11067 7023 
714 
11670 
9717 2765 7363 
5476 
12102 
5333 
1391 
5288 
1432 
9187 1016 10106 
8103 6135 
13611 
7951 
3117 
8053 
7655 
6023 
8020 
162 
3245 
13397 7598 
10834 
5216 
608 
13242 
5852 8214 167 
1372 183 
8381 
10771 
2818 
3242 
9517 
7624 
12311 
4729 
14211 
7098 
5891 
5788 
4476 5949 7071 
8928 
13791 2038 3224 6237 3900 3112 14768 2285 
410 
8854 3792 
12158 
8948 
11670 
10964 
12881 
10630 12666 
10770 
1275 
11160 1381 11923 
1886 
2514 
8684 
2671 
6019 12903 
13736 
11964 
4699 
865 
13952 
6981 2511 
10713 
13134 5948 1441 
3930 
3655 
4599 4356 
4944 
10528 216 
454 
11330 
13805 
4642 3683 1193 6542 5118 
6527 10288 8920 
13815 
11400 
9222 1402 
8332 
11208 6193 
5375 
657 
9745 
1431 4510 7422 4456 3530 2514 
12907 12559 
4036 
9883 
524 
6551 
9946 
7957 
11145 
5483 
2674 
5425 
9510 
12565 
11818 9947 
12379 
1330 
1568 1505 
10315 7094 10725 12211 12815 14179 2744 13588 
2358 
9973 
1927 
12471 
751 
13291 
13195 
2407 
12693 
6338 
839 
4089 
4463 
5260 
3471 1707 8524 
2755 10898 1744 3243 
703 
9043 
9695 
10457 7477 
13786 
11417 
6485 
3480 
6445 13004 
3636 
8939 
6799 
7631 1704 
8246 2348 
13043 
10993 7546 12451 
12932 
8831 
6581 
2692 
1633 
9717 7363 
9794 
14849 
2818 
12296 5817 
1259 
7655 6748 5834 
3242 
7219 
13808 
13272 
8037 
4014 
11067 7023 10286 
14137 
7135 
2865 10409 10993 9572 
3507 3169 600 6643 5223 5156 1690 1997 2584 4772 3542 
3384 
5054 
1725 
7954 
756 2755 1744 2157 1225 
5105 9220 
11969 2421 
3140 
7839 1798 
2394 
14655 14571 
914 2239 
2030 4612 
7341 
1513 
13235 
12559 
4036 
2272 
490 8481 
8858 
9960 
6883 
758 
3674 
6168 
10903 
424 
8813 
6728 
13069 
11296 
4786 
6065 
8226 
8676 
7534 
1983 
3790 
5248 
8104 4501 
4637 
2328 
8488 
10107 
2547 
11463 
8555 
6339 
1059 
12400 14898 
11988 
7052 
2769 
2764 12724 7363 9717 
1358 
14340 
6903 2754 
7072 957 9310 
2598 5515 3293 
5483 
11969 2421 
6013 
8028 
10993 4456 
8478 
2042 
3439 
12756 1925 
1269 
726 
3939 
11619 
5986 
2701 
4545 
3093 217 6205 
3456 
3476 
13554 
10220 11421 
2107 
6758 
9713 
4954 
10638 
13293 
5728 
12501 
4349 
1279 
9102 
13791 
14795 10757 12312 12005 
4917 
900 
11727 
13209 
10861 
11800 
7078 
3951 
14452 
10805 
10172 
13427 
13430 
13793 
1433 3203 
3520 430 
13736 
6617 7722 
8696 
1389 
9051 
4642 
12251 
10568 
605 5276 
14057 
5378 
14662 
2003 
8466 
4297 
12972 
7444 
8080 5150 5672 
2506 
7801 
12576 
487 
677 
3756 
11854 
4690 9817 
734 
1203 
3674 
13147 
1307 
7433 
11410 
11410 
4207 
5540 
13805 
14568 
12659 
5069 11853 
5778 
11076 
2633 
2233 3920 
4603 1051 2287 7664 4366 
6841 
6445 13004 
8077 
2234 
12596 
1264 
13071 
1711 
5158 
3663 
7453 4764 
12814 
5800 
488 6498 3629 1326 2608 4133 
4587 
9173 
2665 
7283 
11618 
2764 2765 10223 
11892 
10816 
6512 
6662 
8295 
3054 
7074 
2892 
10335 
9577 
4621 
7145 
5949 3560 
2018 
4943 11384 
10910 
1624 
11830 11110 
712 
4603 1051 2287 7664 4366 
10269 
7818 
3195 
2904 
13067 
2815 9740 
10727 9187 
12240 
11631 
6655 
8480 
10687 
1509 
9042 
5763 
9063 
8051 
6650 
1836 
2095 2774 
9058 
5637 
7962 
3724 8321 2699 1768 12226 
11421 
890 
7736 
3341 
576 2399 2718 
5341 
3520 4397 
1169 
4584 
10458 4680 
12045 
3612 
5900 
534 
13455 
6242 
4513 
2442 
278 
9540 
176 11012 5552 8504 
10081 
14791 14949 
430 
908 
495 
10238 
12814 
12495 
6078 5563 5564 
10929 
14415 
5106 
3657 
8318 
5586 
12318 
7023 10286 11313 
7272 
6338 
5860 
2906 
44 
1744 
2353 
3099 
1021 
14344 
7939 11250 
2234 
12112 
12400 
11257 
1775 
8280 
7666 
3956 10095 
10123 
8077 4743 3040 
6903 
8540 
6431 
5337 
5438 
8476 
10223 7363 2765 12724 2764 
3094 3702 
11062 
6242 
7339 12474 
7893 
12807 
14482 
4422 
2736 
10580 
8345 
9891 
11983 
9843 430 
1746 
585 
1544 
8028 
8002 
7984 
397 
397 
10140 
3837 
9843 3520 
13072 
2368 
245 
13314 
11205 2752 
1416 
6096 5421 
7926 
12805 
1155 
1389 
4094 
13535 
8498 
8262 
7725 5823 
9659 5467 
3871 4429 
8693 
12632 12872 
3245 692 
4017 
2614 
11337 
2445 
3922 3409 
13581 
5143 
5257 
1744 
5159 
2439 
9944 
3459 4441 
5421 
11313 10286 11067 
7023 10286 11313 
842 
12160 1909 
8438 
11000 
10087 
13008 
9831 
8486 
13078 
5386 1983 
7414 
2692 
3355 
7418 
1874 
2752 
7079 
566 
2750 
58 
7292 
12292 
2095 416 
12179 
2797 7728 7915 
3415 
9775 
7074 
9853 
294 284 4872 2194 
815 4144 1728 
4197 
5807 493 4135 
11669 
2754 
4078 
2018 
10134 8126 
9305 
5464 
10541 
4544 
6461 9728 
12900 5733 
397 
5118 
10883 
13281 
7931 
8811 
7543 
280 12054 1284 
11491 
2720 
75 
12989 
6637 
10753 
3796 
8772 
2187 
7847 
12975 
2445 7481 12945 7364 
11479 1283 
1051 
3155 
13207 12622 
13968 
4247 
6057 
1785 6330 11972 3848 4564 
2713 7128 7472 6117 
5913 
176 
7023 10286 11313 
7969 
6574 
9335 
9205 
6513 
1410 
7670 
10464 
605 5276 
2423 2769 
13917 14193 
11966 
14196 
5430 
2743 
1906 
12948 
441 3937 
12585 
2098 
2098 
5499 
8476 
10146 
553 8223 
6540 
4757 942 
11208 6193 
11351 
3292 5515 3293 
3450 
10481 
1481 
3746 
13409 
9629 
2543 
2188 
13231 
1674 
12372 
12926 11706 
5892 10276 
10548 
10731 
13722 
13829 
2815 9740 
12207 
11110 11830 
8223 
5498 
10444 13532 
5257 
3700 
328 
6656 
489 
9360 
12193 1114 4530 14035 
7074 
12660 
25 
239 
2742 9886 
4881 
6443 
4598 
195 
6237 
2114 
5065 
3390 
11889 
4854 
5047 14154 8269 3482 7957 
12622 
14205 1929 11160 
2580 
5143 
5770 
6970 
9604 
11947 
12903 
8055 
7226 3476 
5047 14154 8269 3482 7957 
1674 
12946 
10790 
11602 
9395 958 13242 8326 
8332 3674 
1565 
5068 
175 
5877 
2300 
1650 
1624 
3117 
14089 
4207 
12926 11706 
12434 
9476 
3746 11570 
7818 
1211 2029 5531 
681 
3294 7916 
8122 
8318 
13374 
49 
4925 
1018 13198 
657 
657 
5530 
8009 
10318 4437 
7890 12275 
13664 
3590 2254 
10594 
12127 
4707 
6186 
8152 
8103 6135 
6559 
11929 3545 
10327 
9877 
6121 
8458 
11829 3745 
1484 
1199 7899 
9126 
4078 3420 
3869 
176 11012 5552 8504 
11336 
8676 
11086 
9611 
4827 
5280 
10444 13532 
10315 7094 10725 12211 12815 14179 2744 13588 
4967 
4687 
10805 
2469 
2216 14091 14645 
12665 
883 
9879 
1930 
5015 
7722 6617 
2508 10002 
9653 
2570 
10192 
3772 
3132 12337 3675 
3105 
1300 
8868 
6000 
10065 
12369 
11914 
11088 
9762 
8998 
2630 4441 
13309 
2288 9019 
3826 
5231 
8656 3271 
678 
11842 
14221 
12092 983 
4468 11326 
4764 7728 
6887 3629 5090 
7997 
5674 
8953 
7354 
2848 
9000 
10395 
4868 
111 
10906 
2082 
7 12300 
11510 
13592 
8664 
3920 
799 7094 
6193 
4412 9540 
8670 
4923 
