147 11155 
3572 
12761 
3244 
3244 
11651 9085 
1963 
53 6729 1156 1836 
833 
5597 4654 
4154 
586 
736 
920 
1156 1466 1180 
811 
5997 
1477 
1621 
1290 
36 
36 
36 
36 
36 
36 
36 
12381 
6163 3094 695 
6524 
5572 
1474 7471 10828 
6213 
2156 
798 
10076 
5647 4537 
6915 7082 
101 403 
403 
403 
403 101 
101 403 
403 
101 403 
101 403 
101 403 
101 403 
101 403 
403 101 
101 403 
403 
938 
385 9545 13075 
2187 
214 
859 
859 
859 
715 
12886 
403 101 
101 
101 403 
403 101 
101 
403 101 
101 
101 
101 
101 
403 101 
403 101 
101 
403 101 
403 101 
101 
101 
101 
2706 
7335 
4986 12717 
103 
1054 
1054 
6084 
1521 
1992 3504 
6265 2209 
375 
375 
375 
1278 
3400 6279 
6344 
12397 
3381 
5506 4126 
8067 
13998 
8704 
7161 
11653 
4086 
3839 
2241 
2241 
2241 
1016 825 
1444 
7533 
3400 13667 2849 2311 
635 
344 
6769 766 
1104 
1818 
2068 
1905 7934 
4946 5900 
10738 8341 
8510 9280 2196 
2196 8510 9280 
9280 2196 
11206 
11150 
6102 
8264 
2293 
7806 
7806 
2448 2076 5887 
3939 
412 
819 3905 
1230 
1230 
1230 
7791 
4513 
6116 10277 
5693 
10969 
10969 
10969 
13700 
3072 4764 3672 
2379 
657 
58 
3890 
3890 
2591 
4652 10778 
5331 
552 
2074 
6696 
10770 
3116 
5442 
4512 
2280 
706 
706 
3487 
7108 
147 
8046 1008 
8560 
8354 1794 
11694 11250 
3191 
2879 
4660 5064 
297 
1464 3400 
833 
3698 58 8414 
13012 
1953 
3623 
5918 12949 825 1016 
12743 
4417 4467 
4467 
9338 8911 
888 
1846 
9545 1621 
1621 
3108 
7436 
36 
36 
36 
36 
36 
36 
36 
36 
2731 36 
36 
36 
36 
36 
36 
5305 
10686 1500 
3288 
2845 
7471 1474 
1577 
913 
8246 
874 
1474 
1037 
9551 
374 
6530 10076 3550 
3049 7676 
3133 
8556 
7197 
403 
101 403 
403 
403 
403 
101 403 
403 
101 403 
101 403 
1300 
8874 
7661 
4954 
1111 4645 
859 
8582 
8884 
412 7673 
403 101 
101 
403 101 
101 
101 403 
101 
403 101 
101 
403 101 
403 101 
5931 8435 
2706 
4547 
11173 
4652 
10528 
9559 
138 3141 
13268 
53 
4787 2503 3539 
4166 
4166 
375 
1278 
1278 
1278 
1278 
1278 
1278 
1278 
569 
7822 
1509 1915 
2210 
10828 
13933 
654 4547 
6993 
5954 
3839 
3021 
5330 3948 
4346 
2559 
12192 731 
1464 
342 
7747 
1277 
635 
635 
6336 344 
6026 
7989 5571 753 
1104 
4854 
1818 
4824 1818 
2731 36 
2731 
1747 
1842 3388 
7892 
1534 
1534 
7065 
1080 
14313 
8749 
922 
5105 
6174 10773 
4017 
9900 
10131 
12154 
2407 
4585 7806 
8957 
1574 
6407 753 9412 89 
5285 
13567 
3423 1474 11926 
657 
58 
58 
58 
58 
58 
1659 
3890 
1732 
1903 
251 6022 
9243 1100 4946 
4946 
3194 
4503 
75 
9308 
2044 
6931 
4280 
3191 
12754 
990 1836 
1836 
833 
954 
385 
11106 
504 
10935 
13918 
920 
13408 12631 
3004 
4852 
10237 2987 
1290 
36 
36 
36 
36 
36 
36 
36 
36 
36 
36 
36 
36 
36 
36 
36 
36 
36 
36 
2434 2475 10877 4086 7049 6530 
1474 7471 
2156 
4585 
2434 10076 
4537 
5418 
4218 
403 101 
101 403 
403 
403 
101 403 
403 101 
101 403 
101 403 
403 
10371 
12134 
229 
4961 
1111 4645 
5404 13856 13495 
10032 
5278 
11663 
301 1818 
301 
301 
10491 
101 
101 
101 
403 101 
101 
101 
101 
101 
101 
101 
403 101 
101 
101 
101 
101 
101 403 
10772 10276 
2706 
4824 
11202 7022 
10069 
1524 7027 
103 
1054 
4263 7806 5925 11370 
3709 3845 
3845 
9921 
5757 1282 
2882 
4166 
375 
1278 
1278 
1278 
1278 
569 
5841 
443 
10837 
6304 10333 3755 1359 12530 
7161 
9008 
2241 
2241 
2241 
2241 
2241 
3021 
3449 
3948 
5441 
4155 
9198 
1524 
6875 1524 
13790 
14119 2998 
397 
7747 
5600 
1925 344 
12944 
8567 
12017 
1104 
1104 
1818 
1818 
2731 
1534 
2631 
4929 
4860 
11108 
2427 
9647 
12661 
7490 6774 
6336 14800 14822 14107 7379 344 
7142 
11197 
4778 
2076 
1230 
7664 10672 
8776 
13181 2185 
10969 
1509 1959 
1498 
1498 
514 
514 
17 
278 
13534 
2359 
10890 9230 
2379 
2379 
2379 
58 
58 
58 
58 
3890 
6810 11880 
1702 
8926 
3242 
5447 
3116 
3557 
1400 9533 
4224 4946 4964 
1221 
4503 
4503 
11281 5712 
6182 
6023 3066 
14768 
13230 
13053 
11988 
3216 
6697 
1836 
1792 
833 
833 
5270 
4154 
4154 
385 
385 
7320 
3895 
3701 
2998 
5597 
888 
11784 
36 
36 
36 
36 
36 
36 
36 
2731 36 
36 
36 
36 
36 
36 
36 
36 
9601 
2028 
2956 
2773 
3288 
12502 
7592 
1474 
4585 
2667 2670 
1339 
3262 
2018 
10237 9018 
1914 
101 403 
403 
403 
101 403 
403 
403 
101 403 
403 
403 
10488 
229 
4039 
12512 
1111 4645 
2144 
991 
859 
859 
859 
6911 
403 101 
403 101 
101 
101 
101 
101 
101 
101 
101 
403 101 
101 
101 
2448 51 
12947 4841 
10828 4585 7471 3423 
4652 
7419 
12148 
5135 
10172 4136 
377 
10 9 
334 185 
3610 1987 6280 
5032 
1278 
569 
569 
569 
569 
569 
569 
6344 
3381 
6789 
544 
9545 
8959 10021 14446 9545 
8915 11255 10508 10142 1952 
8045 
8045 
4875 
3396 
1524 
1128 
7299 11072 11917 
635 
1820 
12944 
5847 
1104 
12423 7357 
1818 
7186 
11694 10738 
10738 
36 2731 
540 
8839 
5706 
334 
13586 
5133 8076 
4980 
7971 
1236 
10406 
6571 
1381 
4227 
1611 
4312 
4026 
11407 
10969 
11381 
819 3905 
4656 
13639 
1956 
3671 1956 
9280 8510 2196 
657 
657 
657 
58 
3890 
8926 
6696 
1732 
3969 9275 8398 
3054 6433 4224 
10642 
4946 7816 
4946 
4473 
13987 
4503 
4503 
2162 4503 
4503 
75 
3164 
706 
7250 
3572 
3066 
2816 4280 
3244 
564 4360 
5064 
2919 13033 
1836 
3400 
833 
833 
10624 131 2460 4067 8951 
5360 
11871 
1113 
89 6407 9629 
6530 10076 3550 
1111 4645 
239 
1858 
7436 
36 
36 
36 
36 
36 
36 
36 
36 
2731 36 
36 
36 
36 
36 
36 
36 
36 
36 
36 
2940 
2028 
10280 
3288 
9055 
2845 
1474 
2076 1474 
1474 
10709 
10865 
2211 
6915 7082 4017 
4702 8556 
6261 
403 
403 
101 403 
101 403 
101 403 
101 403 
403 101 
403 
101 403 
403 
101 403 
4587 7159 
4961 
1239 
991 
5281 
6943 9192 3841 
859 
859 
2138 859 375 2770 
859 
715 
7445 1076 8996 614 
2030 
2820 
11880 6810 
301 
403 101 
101 403 
101 
101 
403 101 
101 403 
101 
101 
403 101 
101 
403 101 
101 
101 
101 
101 
403 101 
101 
101 
101 
403 101 
9870 4173 10013 11011 2297 6190 
730 2706 
2706 
4824 
4824 
6365 
1585 
3423 
5071 
7419 
9559 
1054 
3141 
9622 
9622 
7617 
2637 
11370 
8465 
5982 
4986 12741 6433 7065 9069 2974 
377 
17 9 
9 
2222 11623 
4166 
375 
11747 14075 
8007 13846 
569 
3828 
1915 1509 
1001 11888 7360 
6032 
3485 650 1098 4537 
4574 
264 
1509 12126 14080 
7151 
2241 
11678 7577 
13322 13928 7533 
732 
471 1820 
344 
3513 
3513 
4224 753 
1818 
2731 
2731 
12303 
819 10213 
650 4537 3485 1098 
9402 9258 11259 
3255 
8514 
8998 12124 
3974 10865 10748 
4879 
8264 
2689 
9184 
5425 5498 
1230 
4528 
4422 6044 5310 
5786 
1498 
5375 
17 
9 17 
7952 10153 
9280 8510 2196 
2379 
657 
6567 
3890 
3890 
500 
2074 
4990 
4990 
6027 
378 12238 
10188 3488 
3546 
6490 
4066 4067 
1721 12152 9085 
6535 
4994 10542 135 
3572 
7027 4280 
12148 10003 
7800 
8640 6881 
4417 
983 
10265 5571 991 
3216 
3400 
833 
9783 
5246 
586 
5220 
5007 
5007 
247 
4166 13035 
504 
504 
3701 
7160 
7805 
9135 
1846 
6278 
13089 
917 
36 
36 
36 
36 
36 
36 
36 
36 
36 
36 
36 
36 
36 
36 
2731 36 
36 
36 
2370 
11185 9405 673 
1474 
8179 9938 7007 
11597 
4585 
4659 3094 
5409 
2018 
10807 3702 7532 
101 403 
101 403 
101 403 
101 403 
403 
101 403 
101 403 
403 
101 403 
403 
101 403 
101 403 
101 403 
403 
101 403 
101 403 
399 
9080 1509 1847 8995 
12218 4954 
2187 
5472 
12717 4986 
7071 
2300 
7603 
859 
859 
715 
4587 7159 
10445 
403 101 
101 
101 
101 
101 403 
403 101 
101 
403 101 
101 
403 101 
101 
101 
101 
101 
101 
1389 5295 8635 
5295 62 
11926 4407 
11259 12856 
1818 4824 
131 
3934 131 
8582 4652 10778 
1054 
2637 
258 
53 
17 9 
17 9 
12209 
4166 
5892 2416 
3256 
332 375 
375 
375 
375 
375 
375 
1278 
6279 4503 
10628 13960 
569 
569 
569 
2210 2122 6502 
3381 
7546 
979 3890 2379 2241 13035 8699 
5113 
2702 3021 
931 
1043 
11939 
5951 
6313 
2405 3329 
1589 4957 8489 
3513 
9895 
1274 
8069 1818 
10027 
36 2731 
2731 
18 
11128 
3485 
10139 
1508 
5276 11694 
9402 9258 11259 
11762 
9875 2736 1411 1994 
7442 
2615 2425 
12966 11423 
1236 
1236 
7583 
2689 4295 1818 
4485 
11586 
89 
2066 
9156 
9447 
11053 
10969 
9115 1509 
11729 
12679 14773 
7227 
2146 
10006 
13534 
2379 
2379 
6951 
7602 
657 
657 
657 
58 
58 
58 
5852 
4532 
4990 
4463 
3880 
5163 
8995 
1059 
8766 8317 
4503 
4503 
1767 
1509 7250 
4419 
3244 
11396 
3191 
3698 
833 
4154 
2427 2372 
7856 
7318 
1612 3895 
9066 11177 
6024 13322 12290 
2095 
5637 
4985 8895 1477 
1339 10155 8441 1858 2475 11460 
7490 6774 
1458 769 
36 
36 
36 
36 
36 
36 
13402 36 
36 
36 
36 
36 
36 
2731 36 
36 
36 
36 
638 
3224 
710 10865 7197 2185 
10778 9414 
2845 
6443 
155 292 
1474 
1474 
1474 
2156 
11185 
14032 4265 
3262 
5292 
2018 
2018 
2018 
13177 7594 
101 403 
101 403 
403 101 
101 403 
9231 
13953 
223 
3416 
6458 5128 
9733 13690 
11469 
2810 6190 
859 
715 
5779 
101 
403 101 
101 
101 
101 
403 101 
101 
101 
101 
101 
101 
403 101 
101 
101 
101 403 
403 101 
6681 
2706 
4824 
3288 1818 4824 
4547 
8049 
10642 344 13467 7027 
1054 
12423 7357 
6084 
11314 
13108 3567 5573 3467 5361 10173 652 
3845 
12094 
3232 
11940 1130 
2503 3539 5702 
4402 2503 3539 
4166 
375 
332 375 
375 
375 
375 
2702 6130 
1278 
13143 8089 
569 
569 
6502 
2076 5887 7678 7806 1033 
4574 
8903 26 
8588 
7151 
2241 
11358 
2358 
8764 
7453 10425 
5439 
344 
13387 
1818 
1818 
1818 
3208 
2731 
2731 
36 2731 
14218 14080 
7065 
3996 1508 
2805 
1992 3504 12279 
9647 
4178 
1156 822 7211 1683 53 
2736 4513 1994 
5778 
11839 
10131 
717 3927 10561 
6882 
4066 
5098 
6371 
998 
9542 3625 3384 
7113 
2076 
412 
3319 
2384 
1875 10615 
3626 9156 
6876 
11572 
1992 8903 3504 
7664 7873 
5375 
3231 
8510 9280 2196 
10685 
2076 1033 1474 7806 11926 
657 
58 
58 
58 
58 
58 
58 
58 
58 
3890 
3890 
6395 
5892 
3384 13053 5840 
191 
11558 4946 
11281 
706 
8519 7566 
13328 
3244 
3244 
3244 
10481 
3191 
7074 
5687 3340 5571 
1288 
3400 
833 
4154 
4154 
7856 
854 
8037 
11177 
12855 381 8215 14209 
7472 
239 
5506 4126 
769 
36 
36 
36 
36 
36 
36 
36 
36 
10021 
2773 
3224 
6528 6530 
6187 1524 
3539 9525 2503 
1474 
10828 1474 
1474 
2375 769 1458 9337 
9316 
1598 
2879 8756 
7594 
403 
101 403 
403 
101 403 
403 101 
403 
101 403 
7299 9807 
6107 
991 5597 
859 
715 
6957 
301 
101 
403 101 
101 
101 
403 101 
403 101 
403 101 
101 
403 101 
101 
101 
101 
101 
101 
403 101 
403 101 
101 403 
1474 4407 
7839 
2706 
2706 
7806 51 5912 
2147 3531 3558 2212 
4652 
103 
6979 5341 
4771 
3441 
2882 
1683 53 
1612 
8838 
4166 
375 
1278 
1359 9283 5246 8443 
5772 
4503 6279 
6186 12082 1209 7576 
545 
13554 6032 
278 2766 
11948 
8903 26 
9893 14478 
9545 
8395 
1905 7934 
332 
4503 2849 
2559 
9198 
11786 
6313 
1524 
2849 4848 1464 
13863 
7747 
635 
635 
8917 
471 1820 
1820 
8719 
7210 
1104 
1818 
1818 
2731 
36 2731 
2731 
10139 
7300 
2434 
2196 8510 9280 
2328 
7299 
6296 
486 
486 
3094 3702 
2108 
8264 
4964 7901 5023 
9107 8692 
4873 
1574 
1230 
1230 
4528 
14080 1509 7283 
5128 2442 
39 
17 
979 2379 
9357 
657 
6851 
58 
58 
58 
58 
5892 
10642 3104 6779 
14460 
4946 
4503 
6548 6691 3143 
75 
2280 
706 
6202 
1337 
576 7378 781 8180 2399 
8364 
833 
10807 
7643 
7728 
5007 
13814 
1207 
3550 
4645 1111 
10342 
3503 
4422 6044 5310 
1336 
4899 
1621 
36 
36 
36 
36 
36 
36 
36 
36 
36 
36 
36 
36 
36 
36 
5305 
9875 3945 12911 
6875 
5572 
89 6433 5931 2987 8635 8830 
325 
12502 
5685 
132 
12646 6332 
10709 
3895 13167 
11356 
2018 
5483 
101 403 
403 
403 
403 
403 
101 403 
4677 
229 
6882 58 4986 
991 
4783 
301 
101 
403 101 
101 
101 
101 
403 101 
101 
2705 3895 2706 
11423 12966 13701 
2196 8510 9280 
2010 
4224 
9173 4224 
265 
1130 
14520 
3107 
8673 
807 
798 8838 
375 
375 
6279 
569 
569 
9518 1683 
5616 
5135 424 6022 3424 103 
779 1073 613 
1113 1418 4218 7546 7142 6903 
13995 
4086 
2241 
2241 
2241 
1260 
332 
332 
332 
3883 
11743 
6603 
4295 
340 
635 
635 
635 
1820 
1820 
344 
1458 766 
1415 
8226 
4824 1818 
2731 36 
1534 
11322 7934 1905 
3009 
6965 
3610 4874 
8510 9280 
4659 
6432 
4017 
4093 
5977 
4227 
2399 576 2031 
4161 2031 
7602 2076 
10292 4873 
412 
1230 
1230 
8445 
3672 
3672 
17 
17 
8868 1698 
8799 
10132 
6951 
559 
657 
657 
58 
58 
58 
58 
3890 
220 8045 13566 
4990 
328 
1410 
297 2556 3546 
12949 5727 9548 12966 3945 11423 3702 8024 1930 
1622 
4512 
4503 
4503 
5731 3356 
3572 
9352 
3244 
2201 
3191 
1836 
13310 3400 
1464 3400 
833 
12064 
3182 12001 
385 
5276 
4645 1111 
12523 
1659 697 2998 2148 
5637 
1846 
1477 
6103 
36 
36 
36 
36 
36 
36 
36 
36 
36 
2731 36 
36 
2731 36 
36 
36 
2731 36 
36 
36 
36 2731 
36 
36 
36 
5305 
2773 
2960 
5904 
2185 
6818 
2148 
8886 
1474 
1474 
1474 
1474 
1037 
7128 
3423 4585 
3164 2211 
8556 
6261 
101 403 
403 
403 
403 
101 403 
101 403 
403 
403 
101 403 
101 403 
5373 
991 
3099 991 5571 
12623 
11168 4295 10032 
2820 
301 
6273 8895 
7596 67 1067 
403 101 
101 
403 101 
403 101 
101 
101 
101 
403 101 
101 
403 101 
101 
101 
101 
403 101 
101 403 
101 403 
7279 14101 
4824 
9265 
7363 10050 
4652 10069 
4652 
14248 
1054 
2637 
12084 
9 
1612 
7065 48 
4768 
375 
375 
1278 
2211 2797 
4503 6279 
569 
569 
569 
10153 4584 
3388 1239 4603 7939 
7822 
5615 6847 
8588 
7151 
4357 
60 10082 
1043 
841 10792 62 5553 12476 
4218 11296 
397 
7077 
10906 
4237 
2479 
4503 6618 
1415 
5424 
1250 10998 8260 
14438 
6830 
1818 
1818 
2731 
2731 
1509 14080 
8189 
5207 
5571 5687 12609 
1534 
11072 
803 
10811 
9280 
7078 
4178 
5812 
7442 
4017 
5376 
1236 
8264 
1509 7283 11773 
9747 
7806 1474 
3845 6043 
1574 
1230 
12767 89 
7286 
12656 
2640 
1033 5305 12177 2076 2640 7020 
2076 7806 2640 2448 
11138 1509 
1514 
10414 10213 819 
657 
657 
657 
657 
58 
58 
58 
58 
11272 
2074 
5852 
5852 
1732 
3116 
4312 5840 
5404 4357 
6639 6433 
6433 
6769 
6769 
3557 
3557 
5729 
4503 
9983 
2412 
1038 789 2637 
3337 6389 
7586 
8830 5571 
2849 3400 
4154 
5360 
62 
8830 9855 12101 
920 
10168 
2095 
303 
1477 
4970 6851 6103 
14193 13917 
13917 
6774 
1458 774 769 
13717 12965 
36 
36 
36 
36 
36 
36 
36 
2731 36 
36 
36 
36 
9545 10021 
8019 
650 
3089 2661 13465 
2845 
3423 5887 1474 
1037 
470 11233 14749 
3094 
9338 
3262 
3262 
2018 
7594 
403 
403 
403 
403 101 
403 
101 403 
859 
859 
859 
715 
715 
9548 
9910 
403 101 
101 
101 403 
403 101 
101 
403 101 
403 101 
101 
101 
101 
101 
101 
403 101 
403 101 
101 
101 
4407 
3072 
6889 
7478 
9559 
1054 
3610 
2882 
8838 4547 
4166 
375 
7108 6148 11479 
260 
569 
569 
569 
4584 
11948 
7139 
614 8996 3332 
2241 
2241 
2241 
1043 
3948 
7629 5682 
3474 
11743 
6603 
1524 
1464 
10132 642 10424 
635 
344 
5424 
1818 
1818 
4950 1818 
1818 
1818 
1818 
2731 
5207 
8959 
11072 
7065 
7049 
4173 1266 
8749 
14146 
7442 
4017 
4017 
176 
6395 6530 6851 1140 
3190 
4357 14107 
4946 7816 
12237 9670 2553 
10358 8306 
5892 5023 4964 4663 753 2285 
3974 
13423 1474 
2076 
5761 89 
10312 
3519 8046 
7422 
5786 
11413 6547 9732 608 
7227 
2273 1582 4656 
5820 
5820 
13534 
7952 
9280 2196 
414 
58 
58 
58 
3890 
3890 
3890 
5725 
8582 4652 10778 
5852 
6940 
9214 
7219 
12911 11423 3945 8024 
6433 
4224 4964 
1221 
4094 7670 
4503 
2352 
14687 
12252 
3572 
5448 
789 
12538 
3244 
5064 
3400 
8927 
3784 
1207 
882 3895 
4645 1111 
13974 
8071 11521 
14342 
3503 
4126 
3004 
5399 
6774 
2987 
36 
36 
36 
36 
36 
36 
2731 36 
36 
36 
36 
36 
7392 
7238 6473 
11641 
1474 
1060 
4585 
10869 
3521 2670 
5266 
3560 
584 10407 
798 
10865 
10017 
396 
6044 4964 1800 
101 403 
101 403 
101 403 
101 403 
1250 
10642 11718 
12487 
859 
715 
1542 
301 
8417 8895 
101 
101 
101 
101 
101 
101 
101 
403 101 
101 
403 101 
51 
4547 
8838 4547 
8838 4547 
10778 4652 
7419 
12237 10642 7027 
1054 
3477 
6534 
3845 
3054 6433 4224 
53 
11752 
8838 
4166 
6395 2797 
569 
14357 
264 
2136 
6748 11215 
4741 
10551 
2241 
2241 
2241 
3872 
5606 
5614 355 
2689 4295 1818 
7437 
11202 
635 
344 
344 
1209 
1209 
5641 
9895 
2082 
2191 1836 
8596 
7895 7894 
10263 
8936 
4946 10015 
4929 
6434 7049 
154 
8445 5506 1266 
1813 
7299 
11839 
1842 3058 11186 
176 
176 
6395 2797 1140 
2172 
2407 
4227 
12525 
1230 
9726 
4066 1067 608 
13789 13152 
646 
14478 
559 
657 
657 
657 
1702 
6111 
4990 
5085 
8656 
3116 
8716 
12788 
8558 11130 
4503 
706 
7589 
8830 4946 9800 6202 5571 
6202 
60 
251 4280 
3072 10206 60 4679 8766 
8486 8806 
14428 
833 
833 
5965 149 
2035 
3063 
385 
385 
1432 
2432 
11177 
13918 
381 
2998 
347 
2216 
7436 
36 
36 
36 
36 
36 
36 
36 
36 
36 
36 
36 
36 
13554 
2028 
650 
5554 1509 3224 12126 
1500 
1474 10828 385 7471 
8830 5571 
12115 
673 
8438 2590 
2357 7260 
3539 2503 
1474 
3701 3560 
3262 
11356 
650 549 4537 
403 
403 
403 
101 403 
403 
403 
403 
101 403 
101 403 
101 403 
101 403 
223 
1111 4645 
12982 
6237 
613 779 
3930 
7381 
101 403 
101 
403 101 
101 
101 
403 101 
101 
101 
6639 10276 
1612 2706 
2706 
4824 
4824 
4824 
7806 51 
9265 
5341 
5135 
3610 11078 
1953 6593 
3107 
8838 
4166 
1278 
2665 4204 
4126 11011 
5912 
3424 
5992 
7806 51 2076 1033 
2076 1033 
635 843 2843 1410 96 496 9341 278 9170 11055 10034 3785 7863 1024 443 11704 8246 706 7582 
10269 
7506 
9545 
1725 
4086 
4086 
2667 
2241 
2241 
2241 
375 332 
2860 
1464 3400 13310 
2358 
941 
7678 
397 
9550 
8719 
1104 
1818 
2731 
36 2731 
6747 
9092 7065 
12550 264 380 
5900 
8510 2196 9280 
2805 
7889 
11762 
12240 
8889 8010 
7299 264 
6102 
176 
8830 9855 12101 
10543 
4730 
5107 8200 
4444 5807 4135 4814 
7418 
5453 
3916 14675 
7806 2076 
412 
4528 
6867 
10836 89 710 
2384 
5319 5344 
1930 12949 3702 3945 
2506 
2379 
8202 
58 
58 
58 
58 
58 
58 
58 
3890 
10 9 
2052 
60 8076 10206 5133 
5133 
1458 769 8076 5133 
1221 
4512 
4178 3773 
3564 1001 
6279 4503 
4503 
12187 
4280 
584 
687 
3100 497 
1836 
833 
4154 
3358 
385 
11106 
11294 
5276 
1846 
7209 
6222 
6222 
36 
36 
36 
2731 36 
36 
36 
36 
36 
36 
36 
36 
36 
12841 
6858 
2845 
1577 
7602 385 12177 
7299 9247 
3610 7601 
12646 6332 
5326 
1775 619 
5180 
403 101 
403 
101 403 
403 
403 
403 101 
403 
403 
403 101 
403 
101 403 
101 403 
101 403 
2773 12356 11988 2674 2805 4676 
11694 1250 
6144 
1111 4645 
991 
7278 
859 
13148 
301 
403 101 
403 101 
101 403 
101 
101 
101 403 
101 
101 
101 
101 
101 
403 101 
101 
101 
101 
101 
2706 
4547 
8570 
4771 
6366 
2637 
12084 
14097 7409 
2882 
1057 
4166 
375 
569 
569 
5616 
545 
613 
14325 264 380 
264 
9987 
11467 
676 
2358 
1524 
2505 
1464 
1277 
635 
344 
1818 
1818 
7186 
2731 
979 
9893 11540 
6943 
11108 
1618 
9314 3521 
10737 
4017 
5133 8076 
176 
4296 14932 
9948 3400 
4026 
11176 
4997 5786 
2442 
1073 
11731 
278 
1785 
2379 
559 
657 
657 
657 
58 
58 
58 
58 
2379 2241 979 3890 
3890 
979 2379 3890 14019 2241 13035 
12092 
4990 
4990 
3242 
5447 
13907 
9214 
3116 
12289 3557 
1903 
4702 
3411 3567 
5993 
4503 
2162 4503 
4503 2162 
6518 
6182 
7858 
2297 
1008 
7566 
76 
9192 
3191 
5207 7744 
3100 
1464 3400 
833 
833 
4950 
4950 
5246 
13548 80 1411 
7728 
385 
11558 
3503 
5997 
89 12963 6044 
6472 
1621 
2987 
2055 
36 
36 
36 
36 
36 
36 
36 
36 
36 
36 
36 
36 
36 
36 
2956 
1589 4957 
6875 
7392 
6443 
913 
7592 
1474 
1394 
4585 
5266 
798 
5409 
5166 
8556 
403 
403 
101 403 
403 
403 
101 403 
403 
101 403 
403 
403 
101 403 
10628 
5373 
10525 
10929 
715 
7580 
6116 1930 
1509 1959 
2684 
301 
301 
101 
101 
101 
101 
403 101 
403 101 
101 
101 
101 
101 
403 101 
10155 
2706 
4824 
6365 
4547 
1585 
7078 6165 
4652 
4652 
6624 
5135 424 6022 3424 103 
1054 
1230 1054 
11707 3281 
334 185 
8838 
2503 3539 
4166 
3688 
375 
375 
375 
375 
375 
1278 
2797 
4503 2162 6279 
569 
569 
5912 
11948 
2357 7260 
26 8903 
3916 14675 4357 
385 4263 12177 9545 
12695 
11852 
2241 
8053 
3244 4338 
4932 
931 
12781 
12310 2849 
1033 4263 
774 
9066 5723 
5199 
397 
342 
13863 
8719 
9895 
1104 
5064 3050 
1818 
1818 
1818 
1818 
3208 
2731 36 
3822 13690 13717 
6747 
9059 
118 
6395 1140 
7490 
8869 3452 
6371 
7806 
11744 
2076 
3939 
3905 
10339 
4903 
1915 1509 
6145 
10153 7952 
10153 7952 
4873 3231 
1140 10132 
657 
58 
58 
58 
3890 
12334 
6940 
10635 
9042 
13521 
1794 
10003 
3244 
2879 
1801 
11883 
1836 
1464 3400 
1464 3400 
833 
833 
11010 
4154 
13272 
10935 
10802 10865 4044 
3569 
1683 53 1180 
258 3303 
3303 
546 
36 
36 
36 
36 
36 
36 
36 
36 
36 
36 
2028 
14604 
10890 9230 
2375 1458 
1389 
8438 
1474 
4585 
1336 3422 
2670 
4218 
403 
101 403 
403 
101 403 
101 403 
403 
101 403 
101 403 
403 
403 
403 
403 
403 
403 
101 403 
3058 
7661 
229 
1802 1836 
1601 
8438 2590 
715 
715 
8582 
2574 
2574 
13806 
9628 
5278 
6943 9416 
2684 
1817 
3494 
403 101 
101 
101 403 
403 101 
101 
101 
101 
101 
101 
403 101 
101 
101 
101 
101 
403 101 
9470 10929 10276 6858 
1967 
12561 
51 
2665 6748 2625 
5073 
377 
9 
1992 3504 
1278 
1278 
1278 
569 
569 
569 
5912 11641 
7151 
9545 
5954 
2241 
2241 
2241 
8998 
409 
332 
4346 
4946 9898 13021 
1464 2849 
2076 4263 
1524 
3400 1464 
3983 
635 
9550 
1128 7387 
1209 
2509 
189 8576 
1818 
1818 
4824 1818 
1818 
2731 
2731 
10554 
1813 
4202 
7140 
5964 
58 714 
4017 
10102 2863 
1925 
991 5977 
3355 
11044 6516 
3568 
1230 
1230 
751 89 
4026 
13070 
10969 
2701 1509 
1509 
2876 
278 
13534 
646 
2379 
9303 
58 
58 
58 
3890 
9483 211 
5107 8200 
10778 
6696 
7796 
10358 
13247 
6433 
6433 3383 
6022 
4264 
10642 
2162 2849 4503 
6518 
2297 
789 2637 
1847 5571 
3400 
6433 3383 
3063 
504 
10043 
6639 9945 
8179 
13089 
12763 
12763 
2731 36 
36 
36 
36 
36 
36 
36 
36 
36 
36 
36 
2028 
14604 
3504 1992 
3571 
1458 
374 8270 
2076 3244 1474 
1474 
11142 
3560 
3560 
2211 
3133 
4264 3133 
8556 
101 403 
403 
403 
403 
101 403 
403 
403 
101 403 
3095 6409 
11469 
13006 
715 
715 
715 
9628 
1818 301 
403 101 
101 
101 
403 101 
101 
4547 
4547 
103 
10528 
7532 8024 10807 12949 
2637 
12561 1612 
1612 
1992 3504 
8838 
8838 
10949 
375 
4503 6279 
4584 
3810 
544 
544 
14286 8045 7844 
2241 
2241 
2241 
2241 
5192 
332 
676 
774 
1524 
1524 
1524 
7437 
397 
7048 
1818 
36 2731 
13250 10729 
14593 
6953 
6747 
3969 9275 
13692 
2434 
12240 
11017 
2670 3521 
1464 12726 
172 
2026 
11839 
2507 
2507 
8514 
7401 
5098 
4934 
12768 6814 
8069 2689 
2514 2399 576 
8086 
11651 7775 
1291 
6338 
1574 
1230 
6867 
13757 
4552 
4026 
5887 7806 2640 2076 
3383 2442 
14711 
17 
278 
3629 10132 
642 9540 
5133 8076 1955 
58 
58 
58 
58 
14745 
3281 11880 
2489 
2074 
3116 
1994 10223 
5133 8076 
3804 
5442 
4702 
11143 
4946 
6279 4503 
1675 
706 
3572 
3066 
4419 
3244 
1638 
3100 
9961 
833 
1818 4950 
4154 
9635 
2017 
4519 8200 5107 4814 4444 
4664 
10414 
13362 
2998 
189 8576 
2731 36 
36 
36 
36 
36 
36 
2731 36 
36 
36 
36 
36 
1582 8354 
12078 
1474 
3423 1474 
1474 
11589 
4243 
8208 
1130 14753 
2785 
403 
101 403 
101 403 
101 403 
403 
101 403 
403 
403 
403 
101 403 
101 403 
403 101 
1836 1466 1802 
1399 
8867 
11469 
5442 493 
6756 
859 
859 
11423 9548 6116 
2574 
3384 
5020 
403 101 
101 
101 
403 101 
101 
101 
101 
101 
101 403 
101 
101 403 
101 
101 
101 
101 
101 
403 101 
101 
12561 
4824 
4824 
2352 5075 
3423 
4652 
7419 
11918 
1054 
2882 
1683 1466 53 
13572 2416 
13996 
5295 5106 
1278 
2797 
11460 
569 
5172 
6190 5506 
613 
613 
4312 8704 
7161 
12065 
2241 
2241 
6102 8411 
332 
2849 4503 
11155 355 5614 
774 
2358 
2927 
2053 
7678 
2849 1464 
5571 3612 
5499 6170 
4173 8445 11011 342 
8489 
5381 
6187 344 
1415 
5499 6170 
1818 
1818 
4964 5023 
3905 10213 
11862 
1966 
7077 4121 
4503 6279 2162 2849 
9275 3969 
12014 4086 7049 
13653 
9280 8510 
9697 
1670 
4535 
7299 
5778 
14902 
2797 10402 1200 10885 1140 
4879 
8775 
2689 
988 
3094 6116 12966 
412 
1230 
13542 
4026 
1605 4094 
9280 8510 2196 
2379 
58 
58 
58 
58 
58 
58 
3890 
7955 7796 
3116 
3116 
1846 3557 
3557 
6689 11839 5334 2138 11023 6284 
3658 4946 5977 
13259 
706 
4555 
8552 
497 
3244 
1033 5305 12177 2076 2640 7020 
2284 
2688 
833 
833 
8927 
2017 
149 
6021 
3503 
1336 
4126 
2879 8306 888 
3004 
1621 
11784 
36 
36 
36 2731 
2731 36 
36 
36 
36 
36 
36 
36 
36 
36 
36 
36 
4960 
3570 
7594 12911 
3504 1992 
3504 1992 
2845 
10020 
1474 
1474 
3244 1474 
1474 
6923 
3560 
13251 11048 
798 
798 
3014 
648 6434 
7082 
403 
403 
101 403 
101 403 
403 
403 101 
403 
101 403 
403 
403 
403 101 
1847 
7490 1847 
5472 
4476 7071 
2665 
5281 
5281 
715 
5779 
1836 2788 1466 
101 
101 
403 101 
403 101 
403 101 
101 
101 
101 
101 
403 101 
403 101 
101 
403 101 
403 101 
101 
4824 
4824 
4547 
4652 
7027 
3141 
11370 
9518 
12409 
8035 
9 
1612 
8838 
375 
375 
2797 
2797 
2241 
2241 
13719 
13836 
5199 
397 
4303 
3934 
3934 
2399 576 2031 
6965 344 
2082 
1104 
359 
1818 
2731 
36 2731 
12453 
6233 9365 2182 2942 9061 9254 
13717 
4964 7901 5023 
1852 
7065 
6943 
1905 
2393 12855 
8003 
1463 9055 4445 
13935 
922 
7078 
5964 
2915 
13753 11185 11843 
2507 
10131 8045 
6694 
3094 3702 
6116 12911 1930 3702 8024 3945 12949 11423 
1236 
8812 
13322 
3610 4455 
9029 
9412 4964 89 
2442 2741 
1880 
9743 
8821 
8148 4656 
646 
9280 8510 2196 
8510 2196 
2379 
7279 
11926 
657 
58 
58 
58 
58 
58 
6517 
4990 
10635 
5898 
8776 10333 
1410 
6769 
4964 
2442 3580 11362 
9996 
6022 
11107 
4503 
2849 2162 4503 
6279 4503 
14221 
2280 
12864 13834 
3244 
833 
833 
5220 
2626 7502 
6589 
842 
5637 
13089 
2055 
4184 
36 
36 
36 
36 
36 
2731 36 
36 
36 
36 
36 
36 
36 
36 
36 
36 
2773 
8071 11521 
4569 6433 
6747 1524 6875 
6524 
14928 
12583 
4764 
3560 
10383 
8756 
2018 
12951 
403 
403 
403 
403 
403 
101 403 
101 403 
101 403 
403 
101 403 
403 
9439 
6409 
8179 9938 7007 
7325 11752 
1111 4645 
2810 
859 
859 
14230 
3740 
4082 
1817 
101 403 
403 101 
101 
403 101 
101 
101 
101 
101 
101 403 
101 
101 
101 
101 
101 
101 
4547 
7952 10153 
7478 
11926 1241 3423 
4652 
5073 
2296 
5341 
5135 
6084 
2045 
1466 53 
3504 1992 
4166 
375 
6379 
1278 
1278 
5520 
569 
569 
9054 
4584 
5616 
6205 6156 
545 
4366 
13878 
7976 
1703 
5404 4357 
10877 3365 648 
2241 
2241 
332 
1241 4263 
12135 
6235 
10173 
5286 
344 
11353 10518 2874 1209 
1818 
1818 
1818 
1818 
3208 
3208 
979 
1631 
1534 
12963 1545 
5152 12582 
6810 3282 
12192 
2787 
13543 
11839 
13532 
5133 8076 
10895 11558 7490 
11753 
14040 
4879 
8264 
7299 7876 
6407 6691 89 561 
2553 
8306 
2076 
1638 4263 1033 7678 2076 2640 
2076 
5932 60 1736 
1230 
1230 
2573 89 
12050 
4026 
5476 
11566 
10075 
1498 
17 
2196 
2379 
2379 
2379 
1474 51 11926 
1955 
657 
58 
3890 
7407 
6075 
1702 
8926 
8932 
9259 
6844 
9414 10709 9755 7602 
3880 
2904 7379 
11850 2416 4964 6548 
1833 
4473 
6279 2162 4503 
2211 8359 
9555 
2055 8817 
12761 
155 4730 13465 
2879 
3100 
833 
833 
833 
4154 
10615 5246 
854 
62 
11072 9246 
3358 
385 
5007 
3569 
3303 
348 
6278 
3612 89 6407 
769 
36 
36 
36 
2731 36 
36 
36 
36 
36 
36 
36 
36 
36 
36 
36 
36 
8019 
4537 1098 650 
3504 1992 
1589 4957 
381 2148 
7135 
7135 
1474 
10102 
781 
7008 
403 
403 
101 403 
403 
403 
403 
403 
101 403 
13278 
13308 
10837 1087 
1111 4645 
11314 1969 11732 9237 
991 
991 
859 
859 
11133 12647 
10998 
471 
2684 
101 
403 101 
101 
101 
101 
403 101 
403 101 
403 101 
101 
101 
101 
101 
101 
101 
101 
2631 10276 
5160 
4824 
4824 
5912 7806 2448 51 
4547 
10363 5571 
2640 7602 5887 
5071 
5977 1209 11328 
1054 
9852 
12094 
7299 7324 
3610 
3256 
375 
1278 
1278 
1278 
2797 
569 
4584 
6032 
10204 
264 
1725 
1271 11852 
2241 
2958 
1464 
3983 
1063 
397 
635 
344 
753 89 
1818 
1818 
36 2731 
6747 
1534 
4871 
380 14325 
11072 14325 
11108 
6965 
11762 
2459 4659 
4706 8188 
12200 
4814 
2689 
2076 
12354 
4667 6574 2234 
1574 
1230 
26 8903 
12656 
1509 2701 
17 
385 4652 13137 
4473 6805 
58 
58 
58 
58 
58 
3890 
3890 
9080 1509 1847 8995 
3517 
12532 
2849 4503 
4503 2162 
8340 
2478 
3244 
1129 
9779 
1288 
1802 1466 1836 
9948 3400 
833 
833 
8769 
4154 
677 
586 
3296 
334 653 
5997 
11801 
2998 
2375 
3004 
3004 
5216 5330 
2216 
761 
1458 769 
36 
36 
36 
36 
36 
36 
36 
36 
36 
36 
650 
13181 2185 
325 
10020 2706 
1474 
13595 10353 
6135 
13611 
798 
6069 7482 
13329 
8556 
101 403 
101 403 
403 
101 403 
101 403 
403 
403 
403 
403 
8874 
13494 
6156 399 
3338 1294 
11774 7211 1156 1802 
9314 3152 
991 
8698 
5776 
1466 
14484 
2684 
13637 
403 101 
101 
101 
403 101 
403 101 
101 
403 101 
101 
403 101 
101 
101 
101 
101 
101 
101 
403 101 
403 101 
10276 
2706 
4547 
1704 
103 
9559 
3141 
9305 
789 2637 
1521 
6534 
3845 
9185 
375 
375 
1278 
1278 
2797 
1140 10132 2797 
1464 3400 6279 
1080 102 
7822 
2459 
13874 
14405 
7161 
7611 
2241 
2241 
2241 
2241 
2241 
89 4569 6407 8540 
12070 2456 13076 2025 
4263 
774 2797 
12879 
4295 
12389 2773 
10565 
10173 
635 
10518 
1415 
1415 
9006 
1818 
1818 
1818 
1818 
1818 
7939 8640 
979 
11540 
8959 
3510 
4503 2162 
6810 3282 
7209 9402 9258 
10497 
49 
3605 
3916 14675 
9563 
13926 
6747 7027 3104 
1209 8142 11000 
4946 9018 10138 9412 
11839 
7533 13928 
10850 
9922 
7236 12386 
5098 
7876 
3148 
4485 
2640 2076 
971 
1574 
2931 
10555 
11053 
10969 
1498 
1498 
12414 
11779 3924 
12963 
17 
297 7007 5911 1698 
13193 
1474 1033 7602 7471 
657 
58 
58 
58 
58 
58 
3890 
6306 549 
14650 
6940 
3557 
3557 
6518 
14128 
11396 
3191 
4417 
10748 5571 2442 
1836 
13310 3400 
833 
833 
11967 
13408 12631 
954 
385 
6024 12290 3701 8729 
3701 
7805 
5637 
7436 
1290 
36 
36 
2731 36 
36 
2731 36 
36 
36 
36 
36 
2731 36 
36 
36 
2731 36 
36 
2731 36 
6875 
7432 
3423 1474 7471 
325 
3740 1250 673 
1474 
2018 
7594 
7876 3133 
12781 13005 
6915 7082 
101 403 
101 403 
101 403 
403 
403 
101 403 
403 
403 
101 403 
1595 1300 
4 
8045 11718 
3340 
52 991 
715 
715 
11423 5727 12966 3945 9548 
1067 608 6840 
301 
101 
101 
101 
101 
101 
101 
403 101 
101 403 
101 
101 403 
101 
101 
403 101 
101 
101 
101 403 
101 
101 
403 101 
2706 
3049 
4824 
4824 
4824 
2152 
7419 
5310 
789 2637 
10300 
4224 
2882 
9 
1612 
8838 
5378 2923 7025 2416 
375 
859 375 
1278 
1278 
1278 
1278 
774 2797 
569 
569 
569 
6190 2387 11011 
7806 51 5912 
7806 51 5912 
5536 
1493 
5574 1809 
264 
554 
12065 1992 
10551 
7611 
10131 8045 
2241 
2241 
2241 
3449 
1260 
14927 
774 
5951 
965 6163 9405 
6313 
6094 
635 
67 
11328 1209 
8069 2689 1818 
2731 
4964 12767 5023 10015 
5924 
12192 
2196 9280 
6398 
6552 
12657 13926 13771 13395 14303 14677 13979 
2631 12109 5571 6458 8830 
7299 
11839 
11670 
2156 10543 
2393 
2076 
4263 2076 
9440 
13056 
753 89 
6472 5100 
13413 
2640 
10075 
10686 
2379 
2379 
58 
4545 
10 
9214 
8389 10358 
7629 5682 
9917 4964 
9621 
8441 
4280 10642 
5193 10015 4946 
3164 
1675 
706 
3878 
3066 
3089 2661 13465 
3244 
3244 
487 8112 
7006 
4931 13053 2287 
2718 2399 
1464 3400 
833 
833 
7010 
586 
1217 
2998 
1836 990 1156 
6062 
8895 1477 
36 
36 
36 
36 
36 
36 
36 
36 
2731 36 
36 
36 
36 
36 
36 
36 
36 
36 
2878 2773 
1992 
4957 1589 
11158 
6875 
4086 1458 
385 1474 
7269 8998 
6149 
4537 
4100 5418 
101 403 
101 403 
403 
101 403 
101 403 
403 
403 
101 403 
403 
403 101 
403 
5341 7663 
4763 3859 
14560 
13293 
1677 
859 7152 
101 
101 
101 
101 
101 
101 
101 
101 
101 
101 
403 101 
403 101 
101 
101 
389 
10156 
4824 
131 
1474 5887 
5071 
7419 
7254 
1054 
4771 
3337 4224 
9607 14040 
4300 
798 8838 
10361 
375 
8112 
4584 
5912 
545 
4126 5506 
8972 
2076 1033 7020 
443 
4574 
1359 
264 
9669 
14427 5688 
14478 9893 
2241 
2241 
766 9987 
7229 
3521 7682 2790 
11939 
676 
4155 
4263 
13836 
7678 
1464 
7283 5497 
1001 11888 7360 
6260 
635 
635 
3934 
1820 
7771 
1818 
1818 
1818 
1818 
4950 1818 
36 2731 
36 2731 
8936 
4871 
789 2637 1038 
9733 13690 
7939 8341 
11368 
5852 2805 
13571 
472 
7880 486 
6345 
176 
8812 
7251 
9889 
2076 7806 
819 3905 
11566 
1498 
1498 
5273 
5285 
2379 
2379 
2379 
58 
58 
58 
58 
8155 
6765 
174 
7292 
1221 
4512 
2469 
4503 
999 
706 
9745 
6202 
1721 12152 9085 
3191 
635 843 2843 1410 96 496 9341 278 9170 11055 10034 3785 7863 1024 443 11704 8246 706 7582 
1836 
2849 3400 
4154 
7010 
7318 
7819 5720 
7530 
2998 
2375 
2095 
36 
36 
36 
36 
36 
36 
36 
2731 36 
36 
36 
7806 5305 
10899 
2028 
3571 
6818 
5912 11641 
635 843 2843 1410 96 496 9341 278 9170 11055 10034 3785 7863 1024 443 11704 8246 706 7582 
1474 
14448 
4218 
403 
101 403 
101 403 
101 403 
101 403 
101 403 
101 403 
403 
13944 
1847 
8045 11718 
223 
5571 7816 5128 8830 
1677 
4645 1111 
5472 
1929 
991 
7490 10929 
715 
301 
101 
101 403 
403 101 
101 
101 
101 
101 
101 
101 
403 101 
101 
2706 
4506 
131 
6273 
2076 3423 
4652 8582 
10528 
3123 
6877 
7324 
13939 
375 
375 
375 
375 
800 
569 
569 
569 
7822 
3381 
6997 
5536 
5615 
9545 
8045 
2241 
2241 
5706 3021 695 
2076 4263 
2358 
9951 
6863 
7387 
2082 
6743 
951 
3288 1818 
1818 
1818 
1818 
1818 4950 
2731 
14325 264 380 
380 
11108 
11931 
49 
9563 
11125 
2425 
7592 8076 5133 
13055 
7251 
13768 
8545 
672 4312 
2640 2076 
971 
1574 
4481 
1230 
9029 
10424 642 
10538 1509 
2876 
514 
9222 
12374 6084 8558 
278 
278 
10153 7952 
1053 
646 
58 
3890 
3890 
5571 9336 9020 
4545 
14080 224 489 
2817 7379 
7586 6639 
12434 4946 
9020 4946 
4946 
10850 355 
75 
2478 
3244 
8766 
3191 
5571 3472 
7108 1288 
1914 1464 3400 
3400 
833 
833 
833 
2493 
6202 2017 
7082 6915 
586 
12816 
385 
385 
5007 
1432 
2432 
2555 
504 
4645 1111 
4467 
11801 
239 
1708 
5399 
5399 
5399 5592 
36 
36 
36 
36 
36 
36 
36 
36 
2731 36 
36 
36 
36 
36 
36 
36 
36 
2028 
2028 
6975 
12122 
9230 
6530 12014 
1474 1033 7602 7471 
1389 
1474 
3423 1474 
2934 
7594 
6261 
403 101 
403 
403 
101 403 
403 
101 403 
403 
403 
101 403 
4954 
13308 
12524 
4645 1111 
6594 
991 
715 
715 
715 
1471 6304 3581 
6957 
301 
10479 
8895 
403 101 
101 
101 
403 101 
403 101 
101 
101 
101 
101 
101 
101 
101 
101 
403 101 
101 
403 101 
4824 
4824 
4547 
2889 
5341 
2352 5341 
6022 5135 
6534 
3120 
1612 7299 
375 
1278 
1278 
2797 
163 
569 
1073 225 
7299 264 
1112 
3546 8704 
13753 10998 9542 8704 
3789 
1725 
7611 
2667 
2241 
2241 
2241 
5113 
8053 
4875 
1260 
332 
5887 4263 11370 
1464 
4417 5199 
9967 
5286 
635 
2082 
1818 
10109 
2731 
8778 
7065 
14792 
3510 
13374 
60 18 10206 
1034 
5924 
2805 
6458 
6102 
11839 
5133 8076 
1545 8594 
6694 
4879 
7700 
2448 
13768 
58 2553 
5977 
4227 
2689 
1875 
3939 
4873 
89 
11413 6547 9732 608 
1498 
5585 
1274 2482 
646 
9280 8510 2196 
657 
657 
657 
58 
58 
58 
58 
4545 
4990 
5553 5399 5592 1778 4690 
1732 
7289 
10333 
10715 
4237 8089 
1902 
13033 7363 5442 
6769 
5892 4964 
4702 
1801 251 6022 
1226 4946 
4503 
4402 5702 
6204 
5731 3356 
2044 
11298 
13340 
5128 5571 
5064 
1836 
1836 
1836 
1836 
4950 
149 
1418 1113 
1207 
13974 
10588 
8911 
7071 4197 
4197 
13089 
36 
36 
36 
36 
36 
2731 36 
36 
36 
36 
36 
2731 36 
36 
36 
36 
36 
36 
36 
36 
36 
36 
5305 
2956 
2773 
3504 1992 
6818 
5571 8830 
5571 7486 8830 
6187 
4569 1389 
11850 2416 4964 6548 
1458 769 3539 2503 4402 
1474 
1033 1474 
13423 1474 
7806 1474 
3423 11596 1474 
1037 
8060 10603 2450 6412 
4585 
11142 
13990 
9093 
101 403 
403 101 
101 403 
403 
101 403 
403 
101 403 
403 
403 
101 403 
101 403 
101 403 
101 403 
101 403 
101 403 
3559 6037 
7650 
8874 
7360 9483 
4066 2249 
12512 
1677 
1919 
8867 
13996 10227 
5571 8262 
9658 3384 
301 
101 
101 
101 
101 
101 
403 101 
403 101 
101 
101 
101 
101 
10276 
5912 4407 
12067 
4547 
7478 
4652 
5071 
11914 
7254 
6749 
15 
3120 
12209 
4166 
7529 
375 
375 
375 
375 
1278 
1278 
1278 
1278 
6279 
569 
1683 
6502 
2766 
443 
5615 6847 
1359 
2241 
11667 
5553 12476 
6603 
6356 
73 
731 
5723 7379 
397 
732 
4503 6618 
1818 
1818 
2689 4295 1818 
2731 
2731 
80 
1534 
1534 
4929 
49 
5105 
4659 
5416 10868 
10543 
2393 13656 
4873 
1054 1230 
991 89 
4197 5949 10379 7071 
514 
11300 
1228 
1955 
14446 7602 
657 
657 
58 
58 
58 
58 
3890 
3890 
3890 
3890 
11551 
6633 
10358 
3531 
13380 13685 4964 
5649 
2450 
3572 
3572 
76 
11673 
3244 
3191 
12949 5727 9548 12966 3945 11423 3702 8024 1930 
5571 
11883 
833 
4154 
6889 7082 6915 
11250 6023 1411 
3658 3822 13717 5787 
13814 
2705 
5749 
7320 
1458 1111 4645 
7805 
8911 
269 11562 4197 
36 
36 
36 
36 
36 
2731 36 
36 
36 
36 
36 
36 
36 
36 
36 
36 
5807 4135 
2028 
3504 1992 
12078 
12082 6186 
3423 1474 
1474 
10405 
8838 798 
5418 
403 
403 
403 
403 101 
403 
403 
101 403 
101 403 
101 403 
101 403 
403 
403 
403 
101 403 
8626 
2840 
715 
8354 3656 
2576 9767 
101 
403 101 
403 101 
101 
403 101 
403 101 
101 
101 
403 101 
101 
403 101 
101 
403 101 
101 
4407 
3337 2562 10237 
2196 8510 9280 
3072 
9157 
3120 
9 
3256 
4931 
375 
1278 
11460 1858 
4701 
7769 
4366 
7161 
4086 
1043 
4777 
375 332 
4155 
4263 
1531 
635 
1582 8354 
344 
344 
12944 
11801 10358 9895 
3405 
2731 
2731 36 
1966 
13692 
7087 8341 80 
8510 2196 9280 
11762 
4659 
11839 
2831 6571 
4047 
3423 2076 
10615 
4723 
608 
1498 
3986 8153 
2379 
12256 
9893 14478 
657 
657 
58 
58 
3796 58 
9507 
5892 
10276 4335 
6332 12646 
3727 
9621 
12788 
6639 
7070 
355 
4503 
3244 
3244 
10363 5571 
4036 
833 
833 
10615 5246 
8868 7087 
385 
13814 
11294 
8037 
9512 5006 
4044 
3701 2998 12290 
2219 
9808 1477 
36 
36 
36 
36 
36 
36 
36 
36 
2731 36 
36 
36 
2028 
3504 1992 
2370 
7432 
913 
1659 697 2998 2148 
1474 
798 
3094 
3485 650 1098 4537 
3997 12911 8024 7532 10807 
1418 4218 
101 403 
101 403 
403 
101 403 
403 
101 403 
101 403 
101 403 
101 403 
1300 
6409 
11718 
5472 
5281 
859 
3141 138 1542 
11620 
6957 
8975 
3662 6115 
101 
101 
101 
101 
101 
101 
101 
101 
101 
101 
101 
10276 
5381 8512 
4824 
4547 
4547 
4547 
7478 
10069 4652 
7419 
1054 
5504 
4934 6534 
6826 
17 9 
1992 6943 3504 
4166 
375 
1278 
1140 2797 
545 
4574 
12739 
648 
888 2387 
2241 
1043 
332 
4263 
3400 1464 
1063 7027 
342 
1277 
1181 
635 
1209 
753 
6979 3050 
1818 
4824 1818 
1818 
1818 
1818 
8374 10109 
2731 
8510 2196 9280 
8510 2196 9280 
49 
8262 1209 12093 
3521 
7876 3895 7299 
5964 
11125 
5133 8076 
5698 
4044 10748 
7142 
230 2689 
12779 5453 12656 
10891 
2076 
11381 2076 
7806 2076 
9540 971 
1230 
2931 
10969 
11353 14080 1509 
3244 9755 11381 
1498 
1498 
1514 
9523 
9 17 
278 
3231 
646 
1785 
58 
58 
5817 
2631 5892 
1992 3504 5447 
2720 
8656 
493 3558 
381 1060 382 
3557 
3880 
6336 14800 14822 14107 7379 344 
4024 
5687 
4946 
8057 
2352 
436 2092 
2450 
2637 789 
2068 6202 
2889 60 
3244 
3244 
4036 
5064 
1836 
1464 3400 
833 
833 
833 
1411 
504 
5749 
14342 
1621 
3472 
10262 
12763 
36 
36 
36 
36 
36 
36 
36 
36 
36 
36 
36 
36 
36 
36 
36 
2940 
10899 
2028 
650 
2773 
3288 
11129 
6187 
12115 
1474 
10709 
2107 
3960 
2018 
2775 
13966 6778 
5571 10772 
101 403 
403 
403 
403 
403 
101 403 
403 
101 403 
13944 3003 
13308 
2684 
101 
101 
101 
101 
101 
101 
101 403 
403 101 
101 
101 
101 
403 101 
403 101 
403 101 
101 
101 
403 101 
2706 
4824 
8723 
2448 2076 5887 
10153 
103 424 
1054 
15 
12409 
2882 
8035 
4547 8838 
1278 
8742 8256 
569 
4701 
14346 
5574 
4357 
8053 
332 
2003 
5606 
10118 
13108 3567 5573 3467 5361 10173 652 
9550 
1820 
6863 
1415 
1818 
1818 
1818 
36 2731 
36 2731 
8596 
7895 
979 
8918 
1534 
1534 
1534 
333 
14363 1508 
6057 
8749 
2196 8510 9280 
2773 12356 11988 2674 2805 4676 
583 
8893 
14456 
4017 
4017 
176 
8881 
8264 
7883 
11365 
13331 
2812 
11942 
882 
4483 
1033 11370 2640 
6769 690 
10969 
5820 
3338 3280 
17 
979 2379 
8709 
657 
58 
58 
58 
3890 
2489 
500 
2074 
6633 
3700 
8 
5892 
8561 3810 12374 
3531 
6534 4934 416 
191 
10642 
1389 4946 
4503 
