6886 
4843 
7174 
8055 
11909 
13585 
1100 
14529 
1002 
9007 4667 
11750 
12271 
3093 217 6205 
13806 
10889 10851 6703 10385 
3107 
6933 8842 1901 
376 
4142 
7929 
6608 4387 
10689 
4433 
5800 
8660 
11216 
6941 2842 
3636 
14154 7957 3482 5047 8269 
5216 
13935 
4598 
6560 
1227 
11918 
13763 
2187 
3513 
270 
9844 
13518 
14295 
4544 
9703 
10598 
14219 
14396 
5255 
5390 
8703 
11313 10286 11067 
4627 
11670 
2764 2765 
10060 
14703 
2774 2095 
5311 
5288 
1417 2280 7674 
3095 
6135 
5360 
9751 
3117 
10968 6619 
2280 
11860 9808 
1068 
2042 
7631 4182 1710 5216 1704 
11620 
9891 
6380 8117 4416 3245 6245 2188 5806 11059 4396 1568 
11005 
5068 
424 
11914 
8381 
7953 
8616 
14324 
247 
7624 
12311 
4729 
13538 
9383 
2995 
5788 
1059 4197 
2226 
397 
410 
314 
2953 
8948 
9300 
10964 
546 
11941 
9227 
12025 
10784 1966 
1885 
2769 8204 2439 
8684 
2671 
6011 
10192 
11964 
6763 5258 
13006 
13952 
1565 
5332 
2711 
12369 
13003 
7330 
11384 4943 
2876 
4645 
11330 
13805 
1361 10514 3629 
10288 1513 
10036 
7886 
712 
6242 
8728 11828 
10153 7952 
9547 490 8481 
11402 
2769 8204 2439 
3772 
4036 
11004 
524 
8482 
12404 
4218 2720 
10975 
12193 4530 1114 14035 
2674 
7989 
11800 
5454 
11125 
12379 
632 
4371 
3116 
4026 
7255 
1927 
12471 
751 
13291 
13195 
12226 8321 2699 1768 3724 
12693 
2278 5930 2616 5317 
321 
5380 
12665 
10050 4513 1994 
1983 
6903 
1123 
6506 
9695 
4949 1738 10458 
1700 
14174 8176 
11218 
8180 
8360 
7829 
8939 
12231 
692 3245 
9132 13807 
13016 
756 
1711 
1360 
9609 
5922 
2504 
2764 2765 
9794 
9912 
8616 
2353 
3074 
2280 
14629 11051 
7218 
13808 
13272 
8037 
10989 
11313 7023 11067 
14137 
7135 
4410 
5823 
3836 
5054 
2028 
7954 
1327 2754 
2286 
880 
11292 1527 
11096 2063 
4983 12623 
12926 11706 
2469 
4613 4388 
7341 
8920 6527 10288 
13235 
12907 
4036 
1551 7684 9838 
657 
8858 
5399 5592 5553 
6883 
6494 7550 
2641 956 3294 
8475 
10903 
12094 
7387 2585 
6728 
13714 
10528 
1838 
1401 
1020 6140 3454 1329 
8709 
7459 
3471 8524 1707 
573 
5248 
11310 
9379 10534 
10498 
8488 
5208 
8002 
11463 
8555 
5180 
576 
8354 
11988 
2589 
11161 
2445 
10383 
14340 
756 1225 2157 1744 
677 
3293 2598 3292 
12193 4530 1114 14035 
11969 880 
6013 
2442 
2728 
11991 
162 
4141 
12757 
1710 652 
6761 
11300 
8928 2928 
892 
2701 
4545 
4766 
3456 
3527 14455 
5025 
2212 9357 4706 
8695 
6758 
8883 
4954 
10638 
7530 
7606 
920 
5065 
10890 
12438 
13791 
1674 
7626 
4429 3871 
11727 
4680 
11647 10860 
9510 
2268 
3951 
12088 
13286 
10172 
13427 
2767 
2915 2916 
4150 1433 
9843 3520 
10192 
9837 10043 11636 
8696 
2632 
9051 
4133 3629 6498 
12251 
2430 
606 8745 
1443 2593 
5378 
14662 
5531 10909 
8465 
7130 
12972 
7956 
462 
2506 
12261 10924 13426 1134 
12576 
6941 2842 
957 9310 7072 
3899 
13707 
5480 
8180 
5562 
6509 
6806 
11484 
7433 
13510 
13510 
4207 
11461 6825 6610 
13805 
13946 
10703 
11510 
1745 2034 5776 
11076 
284 4872 2194 294 
635 8560 706 
4707 
6841 
14194 8360 
3040 
10530 
163 
13017 7428 9197 
6515 6821 
2984 12932 
2951 6934 8082 
8957 
10425 
8563 
197 
4642 
4587 
9173 
7550 
7283 
11618 
12945 7481 
10477 7482 
10816 
466 
6228 12922 
6288 
3054 
13787 
6101 3226 
10335 
9577 
5217 2793 
5079 
4197 
8615 
10369 4944 
10910 
10889 10851 6703 10385 
11111 
1402 9222 
4707 
10269 
361 
5438 
2904 7379 
1034 
11192 9450 
3095 8207 
12240 
11631 
3788 
9310 
3415 
1509 
11831 
7005 
13539 
8051 
6650 
53 
5333 
9058 
5637 
7961 
2407 
2212 9357 4706 
4642 4868 
7736 
4666 
2717 
2117 
637 
9991 3813 
4584 
13209 6559 10457 
12045 
3612 
5900 
7638 
13455 
3287 
5260 10797 
2442 
13654 
7538 971 
5238 12373 1416 
11661 
14034 
4177 3915 
3865 
13243 10033 13915 7464 
3270 
8563 
12495 
13016 12343 
10929 
7682 
5106 
12054 1284 280 
8318 
9556 13437 1247 
12318 
11313 10286 11067 
14881 
4186 
5217 10024 
13983 
7966 
453 9398 2754 6903 8956 
5817 12296 
3099 
9130 7723 
12792 
7952 10153 
1023 
12112 
1865 328 8354 7511 
11257 
6388 
8280 
12035 
1774 
1463 
3381 
801 
8540 
6431 
7820 
3195 
2506 
2765 7363 9717 
10317 
66 
3287 
1203 
7893 
2010 
14140 
4422 
2883 
7249 12566 1864 
9695 
10834 
1064 
9843 3520 
10104 
4748 
879 6402 
984 
8002 
3667 
2038 6237 14768 3112 13791 3224 3900 2285 
2038 6237 14768 3112 13791 3224 3900 2285 
10140 
3485 
9843 430 
265 
6840 
244 
4634 
2639 11205 
5444 
7997 
7926 
13801 
1155 
1389 
4094 
12781 
8497 
8262 
600 3169 5223 1690 3507 6643 4772 5156 1997 2584 3542 
1507 
900 
6508 
12632 1729 
1704 
4017 
8107 
12340 
5691 
1310 
13581 
5143 
5257 
453 9398 2754 6903 8956 
8479 
4456 7422 3372 
9571 
2629 2630 
6096 
11313 7023 11067 
11313 7023 11067 
13790 
80 
8438 
11000 
9276 
2146 
11050 
11649 
8340 
3471 8524 1707 
9548 
5796 
3355 
9494 
8043 
2639 5790 
7080 
9584 
4300 3463 
11911 
7292 
12292 
5071 
14513 
7939 12949 
10687 
9775 
7074 
10449 
2633 
334 
5949 7071 4476 
1481 
12645 
2755 
11706 
2018 
9737 
10441 
8857 
10541 
4544 
6461 7493 
9647 
2038 6237 14768 3112 13791 3224 3900 2285 
6838 
10882 
9352 
8301 4707 
11239 
9581 
3657 
10264 
3085 2721 
10246 10701 878 10359 
13230 
9842 
3106 
3797 
2107 
1614 6963 9084 
7847 
12975 
2765 2764 
6022 
4603 
9043 
13206 
13968 
7501 
9454 
2389 
7128 10555 
5682 
4219 
10286 7023 11067 
7273 
4667 
6879 
3585 
8107 
12033 11632 
7670 
10464 
606 8745 
1338 
13772 
11966 
14193 
627 
3516 
7953 
12948 
14432 
4459 
5619 
9400 
9395 
2506 
8656 
4527 553 
6540 
4756 
8728 11828 
11351 
5515 2598 3292 
10318 7284 
13858 
11639 
11570 
3839 
9629 
2543 
2730 
4713 13055 
12005 14795 12312 10757 
6660 2499 
12679 14571 
4608 
10907 
10731 
11635 
7882 2523 
11192 9450 
12207 
11111 
4527 553 
10451 
12967 
5257 
752 5880 887 
12400 12582 4280 
6656 
489 
10444 
5483 
3076 254 
12660 
12536 
239 
4226 111 
4881 
3746 11570 
2999 
195 
397 11448 
10613 
4349 
9003 
8216 
4854 
3296 
13013 
1966 1160 
14608 
5143 
5770 
6970 
9604 
4483 
12903 
8055 
13647 
3296 
12005 14795 12312 10757 
12978 
10790 
1325 
3262 
2641 956 3294 
2511 6981 
13242 
1502 
10012 
7207 
12715 
10889 10851 6703 10385 
3117 
2394 13501 11288 
9576 
14655 14571 
12434 
3021 
6443 
1009 
5211 2003 2370 
2089 
8332 
8122 
8318 
13374 
5674 
4926 
2353 
9421 10242 
11299 
5529 
5246 6785 
10318 1779 
4673 4334 1929 2603 5733 
635 3241 
2085 
4346 
12127 
7664 4366 1051 4603 2287 
6186 
521 
6135 
3488 14751 
11928 
3414 
9878 
6121 
9326 
13060 13591 11829 
12355 
8515 
4165 
10646 11849 
6418 
10976 11037 1416 
11336 
8709 3299 6192 
13108 
9611 
709 
5280 
10444 12967 
11363 3116 
3878 
4687 
13286 
2239 914 
6885 
4463 
12739 
1732 
12949 
1508 223 
9837 10043 11636 
5251 
9653 
4817 
12979 12386 9896 
3356 
7100 
3105 
7246 
9339 6709 
11167 
5835 
534 
183 1372 
1034 
5558 
7447 
4441 3459 
13309 
1818 
5906 
12768 
10146 144 
4965 
13302 
5553 
8334 
5721 6647 
12949 9875 5574 7939 
3216 
5421 6096 
5673 49 
10709 
1237 
2848 
12520 
8661 
3434 969 
4226 
5645 
11406 
8101 
5069 11853 
13592 
8664 
635 
3116 800 
11208 
7538 971 
13057 
4923 
