05451384	0
04958634	1
00620424	2
09887034	3
12149144	4
03257343	5
02757462	6
03757925	7
02453611	8
14108324	9
04455250	10
09221571	11
00366858	12
01353226	13
02125409	14
06732925	15
00661213	16
01446901	17
03606572	18
02935387	19
11751765	20
13649054	21
02703438	22
13631194	23
11538935	24
02935658	25
02703432	26
05387167	27
07167578	28
07708512	29
00317594	30
12065777	31
10504206	32
01854415	33
00961736	34
01930482	35
08759986	36
13984082	37
00084107	38
01989562	39
14313440	40
01006421	41
00969506	42
10299700	43
00062397	44
02469443	45
00115803	46
02246166	47
06034611	48
00050652	49
04010205	50
01741744	51
05802730	52
09821253	53
08787049	54
13896369	55
01095753	56
12293723	57
01215137	58
10702615	59
05841151	60
13052931	61
07230227	62
12447891	63
01589056	64
12450840	65
08118039	66
13191318	67
02225577	68
07228211	69
13035707	70
11030025	71
09137682	72
07331210	73
00757080	74
04922787	75
09255343	76
10731848	77
05985381	78
01500372	79
02848216	80
02884456	81
01016626	82
12727301	83
07448232	84
00058401	85
01612122	86
13151820	87
02895606	88
13860793	89
11895980	90
00009373	91
01473990	92
15271732	93
13658828	94
09780676	95
12121405	96
02468793	97
02414578	98
03844550	99
01792955	100
11416087	101
09784564	102
00452512	103
02601921	104
07495551	105
05023233	106
10705345	107
06564387	108
02637202	109
02040049	110
08479615	111
14197468	112
02344568	113
09102517	114
14476852	115
00468791	116
01374767	117
01722077	118
03837157	119
06591442	120
14739360	121
03018971	122
09322087	123
01476483	124
06376572	125
10087080	126
06729864	127
03002555	128
04882968	129
04292572	130
09790278	131
02859184	132
00024649	133
13665965	134
03966751	135
00669366	136
07491708	137
01083645	138
13456715	139
04209239	140
13112664	141
02318915	142
09013353	143
01578993	144
02582042	145
01476154	146
00889472	147
05953614	148
11726925	149
07900406	150
09708405	151
00888786	152
05194578	153
02003601	154
04434932	155
15299367	156
00954311	157
08024408	158
01457576	159
07467846	160
01732921	161
03207305	162
03132261	163
02359775	164
10079399	165
00335384	166
10462860	167
11453016	168
00570003	169
01935846	170
01323338	171
03594734	172
01330822	173
08852389	174
02269196	175
10707233	176
12094121	177
14544672	178
03839795	179
13632164	180
06248214	181
04081844	182
04322026	183
05398609	184
09064264	185
02044866	186
14521648	187
10438172	188
11288216	189
02643872	190
02581803	191
00021265	192
01886488	193
03282060	194
01105737	195
07020239	196
01461646	197
01158543	198
02962200	199
02532079	200
07542675	201
00513597	202
07893891	203
12386945	204
07791663	205
00464651	206
01730384	207
00940214	208
13975037	209
09190918	210
00208497	211
04963588	212
05474976	213
05124928	214
00466651	215
00025203	216
01610226	217
06088995	218
01455141	219
08860001	220
13327676	221
02258291	222
02034129	223
07519253	224
07236077	225
10639925	226
05868954	227
11659909	228
05542193	229
09066534	230
01338908	231
05861855	232
00818170	233
11800565	234
05368100	235
02084732	236
14419510	237
01943406	238
01874784	239
04897762	240
03538634	241
03451909	242
01859325	243
00162688	244
01385170	245
07187996	246
01913237	247
08223802	248
06436939	249
06226934	250
08720481	251
01254685	252
15228378	253
06256697	254
05615373	255
00912001	256
09899782	257
07030718	258
00498530	259
07668702	260
07093489	261
02529111	262
05951566	263
12370011	264
06021247	265
02558980	266
00172732	267
14066492	268
05505131	269
02019431	270
06149484	271
09961739	272
14283632	273
00965606	274
05703429	275
10401639	276
12249993	277
12882779	278
02050004	279
00846344	280
02507968	281
01229071	282
12309403	283
00156601	284
04105893	285
02025530	286
04176068	287
00711550	288
12766869	289
01171183	290
09168020	291
00575970	292
12301180	293
02112029	294
00611802	295
06825996	296
03032576	297
03577090	298
07513508	299
08143486	300
01302449	301
12615710	302
05277532	303
02570062	304
10380672	305
09091398	306
12507379	307
04984514	308
05332225	309
06338908	310
12225769	311
08303692	312
10645392	313
03611590	314
03485655	315
02328942	316
00560391	317
00840751	318
09610255	319
03048412	320
05714894	321
00200863	322
08984788	323
00740053	324
07149836	325
11206544	326
15267945	327
02124748	328
15185290	329
00096520	330
11764231	331
03108623	332
03265874	333
11735570	334
08423634	335
02822865	336
02203739	337
03167978	338
03116767	339
13881175	340
04214871	341
14693733	342
00441212	343
11448343	344
10452752	345
07750586	346
02570684	347
05232691	348
01063188	349
12888733	350
12900462	351
14230800	352
02208265	353
14040071	354
07757602	355
03739327	356
05341920	357
00104249	358
07185668	359
00058337	360
07886176	361
04179385	362
02202509	363
08015321	364
00660571	365
00912822	366
01268112	367
07299569	368
00093979	369
08594714	370
04628080	371
07051185	372
10388924	373
00649481	374
01994492	375
00649482	376
06828389	377
00411792	378
01967205	379
00464513	380
02147452	381
07257227	382
00492677	383
00663894	384
13289845	385
01028079	386
04977247	387
13285176	388
06699225	389
00565279	390
08230219	391
02219901	392
02751623	393
00964569	394
00181781	395
14992613	396
02673637	397
11999958	398
12295560	399
00192051	400
10191192	401
01287242	402
09145083	403
00094312	404
02234781	405
12182858	406
02858304	407
12130759	408
01827658	409
01354006	410
01851375	411
08679972	412
02429810	413
06325826	414
08841209	415
09038439	416
00891850	417
06545137	418
00013160	419
00351638	420
06663617	421
15234764	422
08426461	423
00848282	424
13029946	425
12744656	426
06837787	427
02324850	428
11020721	429
04511002	430
05508943	431
02435689	432
01211098	433
04504770	434
13239471	435
05646218	436
14048309	437
08543496	438
03129123	439
00247390	440
00737656	441
01820664	442
12720532	443
02394822	444
02281093	445
01754876	446
09537144	447
03945615	448
01990800	449
01817500	450
00207434	451
01146793	452
02248465	453
09025189	454
00011982	455
00959645	456
06608617	457
13162297	458
12100187	459
07006119	460
06674542	461
01404813	462
11669921	463
06372095	464
01315333	465
00136800	466
02392878	467
05755156	468
12719277	469
06428646	470
02937108	471
01244410	472
00063557	473
01292534	474
07544647	475
08161477	476
12821048	477
05103283	478
02129165	479
11011398	480
05277941	481
03222722	482
02152991	483
12608447	484
12785110	485
10323182	486
03464266	487
02076999	488
10765305	489
09866922	490
15222012	491
07902336	492
01884974	493
10760763	494
02796412	495
02659667	496
07767847	497
13218900	498
13152203	499
02594807	500
08046759	501
00485435	502
13962360	503
01996402	504
13994806	505
05561834	506
00747029	507
02564130	508
01449252	509
13531435	510
06588785	511
10434725	512
06634376	513
06664051	514
00975781	515
04517408	516
01696648	517
01242208	518
01962662	519
00216991	520
06031248	521
04834073	522
03897943	523
07108453	524
01251928	525
00811355	526
13660337	527
02493390	528
10741821	529
01804595	530
08809596	531
00442267	532
10626194	533
00473322	534
09016232	535
03412220	536
03626115	537
09886220	538
09749614	539
01201773	540
00371264	541
08573674	542
00058265	543
04374735	544
01819734	545
12923839	546
12077062	547
09939827	548
07963494	549
02953598	550
02771320	551
02065599	552
10995292	553
00289840	554
12373100	555
01545883	556
01401686	557
01545889	558
09623038	559
03186399	560
01643297	561
01786906	562
02390101	563
09861718	564
01610426	565
15269513	566
07596684	567
01620854	568
08565006	569
13060912	570
14785325	571
02383380	572
03177165	573
06780309	574
01805247	575
03318294	576
10496193	577
04810510	578
00590047	579
05838176	580
01127075	581
01499692	582
00874175	583
01568493	584
02643280	585
09394007	586
00807941	587
02620033	588
02458675	589
00675701	590
00303297	591
01042531	592
01280808	593
02276088	594
09018848	595
00084738	596
01623706	597
05213201	598
12476510	599
12019190	600
04209811	601
04962395	602
03421768	603
04949066	604
00382635	605
02301072	606
09939313	607
02201521	608
01656078	609
01795428	610
11274812	611
12617739	612
14719725	613
01296462	614
01347431	615
00305846	616
00651954	617
01572910	618
10505942	619
05979350	620
02753642	621
06602935	622
09996481	623
03885028	624
03924811	625
01664172	626
04922338	627
00966718	628
02571486	629
06367107	630
05052387	631
01636221	632
02633422	633
05664640	634
01799086	635
00539936	636
02951358	637
02506546	638
02621853	639
14133750	640
06080522	641
03813704	642
11953762	643
12649065	644
02356108	645
10744544	646
01771966	647
00319214	648
09954479	649
11955398	650
07495327	651
02922292	652
09752657	653
14868243	654
02083497	655
12202712	656
09434469	657
12129525	658
00932636	659
02542598	660
08191987	661
07548978	662
01708778	663
09673916	664
02581276	665
00478217	666
12727518	667
02196214	668
12431434	669
04627000	670
12793284	671
02587300	672
13025647	673
01723883	674
02204722	675
00757544	676
00061219	677
05534333	678
11920867	679
07345593	680
01873942	681
01556040	682
12241699	683
05474346	684
00881998	685
01032040	686
02460009	687
02835271	688
12815434	689
02022804	690
01793818	691
11127419	692
15211484	693
02544191	694
12326842	695
00606093	696
10538272	697
14632444	698
07636384	699
01804921	700
12335664	701
07272545	702
04621314	703
07753743	704
05333777	705
13194572	706
07557165	707
01417553	708
00083975	709
00372958	710
02671224	711
00646738	712
09952163	713
02169833	714
14546844	715
02520015	716
00752493	717
05115568	718
02188198	719
04254777	720
01084866	721
04560292	722
13792842	723
11821777	724
11634736	725
05047059	726
01001294	727
06453723	728
07186661	729
07414922	730
00461782	731
01083077	732
09367991	733
00248063	734
10711483	735
08547300	736
11256125	737
04057047	738
01683428	739
07436100	740
00505853	741
13662190	742
03268142	743
01683422	744
11225661	745
03768346	746
01684435	747
11771383	748
00329031	749
02464583	750
02643446	751
02334867	752
01342269	753
01387786	754
08891889	755
07573103	756
01518564	757
00883297	758
02532602	759
01733829	760
06440937	761
00808767	762
04441282	763
10591949	764
00007328	765
01279120	766
11264973	767
02509515	768
05717747	769
01233387	770
02269767	771
00907657	772
00124880	773
14235200	774
09828600	775
02572119	776
07003352	777
05449268	778
09953615	779
11828577	780
14026376	781
02928608	782
01389186	783
00212065	784
01389188	785
05332802	786
00801522	787
12571194	788
04072811	789
10299875	790
10794014	791
02300060	792
12509297	793
12108742	794
08055150	795
01152396	796
00899927	797
01421164	798
11236852	799
02228031	800
14027396	801
10248198	802
02835915	803
12901264	804
04260934	805
11770526	806
14460974	807
05710210	808
00334649	809
07810531	810
00279465	811
13071029	812
02120451	813
00201671	814
13220842	815
02120458	816
12315818	817
08950649	818
12552893	819
12834408	820
01466472	821
09381242	822
01780551	823
05587034	824
07892813	825
01871406	826
03982060	827
08399287	828
12607456	829
00272448	830
01962865	831
12635955	832
00879759	833
00350878	834
12896000	835
01225997	836
07000195	837
10020366	838
08358332	839
02287476	840
00256961	841
08138259	842
05714466	843
11640471	844
11601918	845
05097845	846
12824581	847
02019574	848
10049017	849
05595083	850
01666327	851
12807773	852
01081001	853
08905313	854
00359614	855
06545960	856
10854397	857
12490330	858
13617468	859
07431683	860
10610465	861
13206817	862
10516527	863
09380117	864
04526112	865
00092366	866
03466162	867
01036778	868
01395049	869
08732807	870
04680893	871
05581693	872
08358594	873
02534936	874
08656893	875
02530294	876
13717155	877
01156899	878
01257612	879
07721678	880
06184270	881
01128071	882
02861617	883
02513268	884
11863242	885
04466613	886
07437990	887
07168623	888
02515443	889
12507236	890
00121645	891
02171039	892
00066636	893
01013316	894
00186567	895
14977075	896
08578174	897
01196802	898
13203551	899
12505563	900
01185475	901
00317700	902
07392483	903
05015463	904
03554131	905
07183151	906
00280853	907
07796321	908
03739518	909
06507941	910
05100269	911
00892861	912
00132385	913
01763643	914
03211117	915
01992503	916
02142775	917
07812497	918
12671898	919
04133789	920
00914769	921
13861050	922
00179718	923
07539367	924
04706882	925
00828082	926
12386724	927
02639606	928
13802098	929
02639605	930
09876892	931
12719455	932
08243851	933
00119297	934
00268165	935
04683814	936
05029706	937
13050940	938
09128536	939
04188643	940
07925966	941
04862592	942
01157850	943
04337740	944
08755214	945
03009477	946
11441077	947
01353670	948
14081941	949
03601335	950
06544142	951
00702773	952
11780747	953
06744396	954
00188466	955
12826516	956
00292507	957
06632097	958
02801349	959
15169759	960
00195617	961
02000618	962
05526384	963
00055633	964
10095061	965
14746417	966
13096863	967
02743261	968
00059127	969
06172502	970
00511817	971
02483092	972
02249673	973
02963302	974
00120202	975
11564258	976
07144039	977
14159623	978
09397607	979
04135315	980
05529729	981
09452017	982
06181584	983
02636921	984
12314808	985
03218198	986
09416076	987
13403331	988
01402600	989
03967562	990
08207001	991
00487350	992
01349735	993
13447361	994
11020888	995
00427580	996
09842047	997
10419047	998
12477747	999
11904896	1000
06205154	1001
00298767	1002
05922651	1003
02610845	1004
01701334	1005
01198616	1006
12566627	1007
05974564	1008
02660940	1009
01408383	1010
09949946	1011
04334599	1012
11596486	1013
13618849	1014
00804695	1015
01051118	1016
01204677	1017
02511551	1018
04502670	1019
02658079	1020
08629199	1021
01976220	1022
06669384	1023
14796575	1024
10277352	1025
04043411	1026
02235575	1027
15146545	1028
02122164	1029
00665630	1030
11878101	1031
05269901	1032
01352996	1033
02899439	1034
10351625	1035
07481375	1036
09861287	1037
00939035	1038
00746232	1039
00596692	1040
00171618	1041
08473482	1042
10228278	1043
02058221	1044
11019269	1045
00117385	1046
02244963	1047
01542786	1048
03320519	1049
09736633	1050
05805475	1051
10349243	1052
12190712	1053
01409477	1054
15127982	1055
01698916	1056
01284908	1057
10485440	1058
03844045	1059
07620145	1060
07233214	1061
01049737	1062
02058590	1063
12279458	1064
08368907	1065
01466828	1066
11329281	1067
00905283	1068
03622526	1069
12615986	1070
06546633	1071
06711855	1072
10657556	1073
11372372	1074
04744814	1075
02072665	1076
06967710	1077
03148920	1078
02382087	1079
01215694	1080
14560253	1081
13260510	1082
01316949	1083
11894327	1084
06634239	1085
10033225	1086
05296639	1087
10513120	1088
05560244	1089
00510475	1090
02270342	1091
13538182	1092
07215185	1093
01157138	1094
00888009	1095
08812952	1096
15196746	1097
09234104	1098
13245626	1099
14973585	1100
05874232	1101
02398681	1102
01804414	1103
12564083	1104
09837360	1105
06037666	1106
12890685	1107
14962117	1108
02698944	1109
00734927	1110
01713348	1111
10685853	1112
01003272	1113
00140123	1114
11727976	1115
02289295	1116
08562243	1117
08143926	1118
07304852	1119
00589309	1120
12922283	1121
01646528	1122
02073532	1123
10292316	1124
11282286	1125
00698732	1126
07519040	1127
09262082	1128
00132219	1129
12974826	1130
11459369	1131
00878648	1132
14217897	1133
12931109	1134
05260533	1135
08455037	1136
03753077	1137
12204032	1138
00134328	1139
01776705	1140
01906328	1141
08735345	1142
00970215	1143
01906322	1144
09399592	1145
02459915	1146
02747177	1147
00989602	1148
02368563	1149
05143690	1150
10214230	1151
12342498	1152
07703889	1153
07118210	1154
00568879	1155
02458356	1156
00686890	1157
02700455	1158
00795008	1159
00383952	1160
13859043	1161
04989657	1162
04781755	1163
15186412	1164
10716389	1165
03869389	1166
00612841	1167
00491689	1168
13184492	1169
01479643	1170
02213107	1171
13055009	1172
13023292	1173
08797840	1174
01809977	1175
08090547	1176
14421139	1177
12655062	1178
12322359	1179
00320681	1180
08026904	1181
00374063	1182
00077419	1183
05998225	1184
06150633	1185
01591697	1186
01720980	1187
07358377	1188
03533654	1189
01125429	1190
02891430	1191
12877244	1192
12471825	1193
08146782	1194
02459001	1195
08916832	1196
01187810	1197
10556953	1198
00056334	1199
11740824	1200
00881545	1201
00763132	1202
08850450	1203
06528783	1204
05153520	1205
01307609	1206
04825383	1207
11348160	1208
09890296	1209
01474641	1210
06747670	1211
05667404	1212
02199712	1213
00988232	1214
12065316	1215
02179154	1216
03029573	1217
12804216	1218
09937688	1219
14951377	1220
01556368	1221
01492212	1222
02173336	1223
03425956	1224
00781168	1225
08914573	1226
09794211	1227
03457451	1228
01347199	1229
08309409	1230
07262579	1231
01272787	1232
00132982	1233
12592058	1234
00192300	1235
00338817	1236
02339768	1237
00814850	1238
12164656	1239
03108853	1240
02003037	1241
01932800	1242
01595596	1243
02658283	1244
10899951	1245
00653518	1246
09384921	1247
02928066	1248
03385557	1249
00628883	1250
08782976	1251
08100481	1252
00125126	1253
10456138	1254
06267145	1255
08967484	1256
13658998	1257
05939432	1258
00377002	1259
00472671	1260
01608508	1261
12035423	1262
01021973	1263
10237196	1264
00557588	1265
12685831	1266
11157580	1267
01837363	1268
04634833	1269
01004692	1270
02295870	1271
01604330	1272
00606119	1273
05194043	1274
02262324	1275
12712320	1276
07578879	1277
02387910	1278
05729875	1279
12077505	1280
05864177	1281
00249501	1282
06725067	1283
05844663	1284
00595545	1285
12526380	1286
05333259	1287
01388813	1288
06713377	1289
05472032	1290
10590977	1291
02332315	1292
14169128	1293
02332311	1294
01467180	1295
14465048	1296
02004661	1297
04872826	1298
02566227	1299
00046522	1300
08472120	1301
00575169	1302
14892989	1303
03099945	1304
12913004	1305
09415938	1306
05764365	1307
12653056	1308
05150129	1309
03343853	1310
00082870	1311
01376237	1312
04067472	1313
03769881	1314
12570126	1315
03424862	1316
02180152	1317
11701903	1318
06453119	1319
14481929	1320
04758776	1321
02308741	1322
01055073	1323
10482414	1324
02600255	1325
00199130	1326
02202287	1327
14094350	1328
02457058	1329
12132502	1330
01315140	1331
00928947	1332
03015254	1333
00924612	1334
00200397	1335
04739630	1336
01518659	1337
01739545	1338
11739978	1339
02320127	1340
12800832	1341
07765999	1342
09716933	1343
09440400	1344
13015826	1345
04862236	1346
03222959	1347
02329401	1348
12762896	1349
00619183	1350
11151189	1351
13998014	1352
02437465	1353
08687884	1354
03833564	1355
13951984	1356
04659287	1357
01590443	1358
00592795	1359
10411551	1360
00861929	1361
00854393	1362
01233194	1363
01680478	1364
07818572	1365
03247083	1366
08031020	1367
01152214	1368
07813495	1369
12473405	1370
03684823	1371
02314275	1372
00966869	1373
12489815	1374
02686625	1375
02239659	1376
13604718	1377
00689950	1378
03420440	1379
08124256	1380
02455584	1381
02556623	1382
02531199	1383
00699736	1384
11488387	1385
01069980	1386
00839778	1387
04250850	1388
03699396	1389
02860389	1390
08138686	1391
01926311	1392
11980867	1393
04440749	1394
02240223	1395
07097094	1396
12523141	1397
15053867	1398
05642815	1399
11972141	1400
07217782	1401
02801938	1402
06428216	1403
03216828	1404
12952165	1405
08939562	1406
04842313	1407
13780719	1408
02025009	1409
00028362	1410
10289039	1411
03351768	1412
11841529	1413
02511824	1414
04383537	1415
12129738	1416
01065630	1417
01987781	1418
00825951	1419
00237869	1420
09889065	1421
11941719	1422
01562061	1423
12778045	1424
01845272	1425
01821266	1426
07190290	1427
00504676	1428
12561696	1429
06185955	1430
05034225	1431
02456776	1432
08996871	1433
08855505	1434
02218563	1435
14647235	1436
00784934	1437
07534700	1438
03771443	1439
13940456	1440
13333237	1441
13617630	1442
02183442	1443
02912065	1444
12079737	1445
04810035	1446
00683127	1447
12190869	1448
04887912	1449
01539487	1450
13537429	1451
06773976	1452
05963494	1453
10154871	1454
08464601	1455
01117541	1456
02565911	1457
03041491	1458
10615808	1459
03229244	1460
01133281	1461
02537092	1462
01564630	1463
08975106	1464
00706243	1465
00183090	1466
06926212	1467
08752021	1468
03326795	1469
02536329	1470
12293419	1471
12486254	1472
08230906	1473
06672953	1474
06988057	1475
09873242	1476
09268592	1477
01088304	1478
14386697	1479
08543081	1480
01058224	1481
03531281	1482
01657641	1483
08229467	1484
12510774	1485
12835578	1486
12764507	1487
01570969	1488
15227846	1489
01154175	1490
07774842	1491
02282385	1492
00630380	1493
05406782	1494
02325968	1495
03292362	1496
05329215	1497
00782057	1498
01947735	1499
03788498	1500
05285623	1501
11750855	1502
11622771	1503
10678662	1504
11439031	1505
00300441	1506
05467054	1507
12054902	1508
02347744	1509
00588221	1510
02699941	1511
10942144	1512
03814906	1513
10157744	1514
00117959	1515
02198021	1516
01169317	1517
02872529	1518
13199445	1519
01292885	1520
04667406	1521
09340644	1522
12155459	1523
06792645	1524
01362480	1525
04599396	1526
11455386	1527
02933462	1528
10247358	1529
00588598	1530
14570330	1531
08395465	1532
05840650	1533
02226981	1534
07170467	1535
06970645	1536
11793651	1537
08294696	1538
13206178	1539
02715047	1540
01742415	1541
04992431	1542
00719231	1543
10238375	1544
04055180	1545
05514717	1546
03910033	1547
01408880	1548
10433164	1549
02156546	1550
02934168	1551
06719579	1552
05754519	1553
12923439	1554
01273814	1555
10267166	1556
11885292	1557
09971839	1558
06889330	1559
05824739	1560
05706954	1561
08841667	1562
00886281	1563
00582145	1564
02585722	1565
01432601	1566
00551714	1567
10680609	1568
03755991	1569
06503724	1570
01788932	1571
01688428	1572
13811184	1573
00451648	1574
01119950	1575
07537668	1576
05349659	1577
05650820	1578
05772215	1579
04009552	1580
00870577	1581
00605310	1582
02704153	1583
07086518	1584
02804590	1585
05123416	1586
12156484	1587
04886881	1588
00936620	1589
15126931	1590
09018162	1591
01349948	1592
09071690	1593
07488875	1594
03677766	1595
02519686	1596
02616251	1597
01697027	1598
07261300	1599
00189565	1600
06254475	1601
02527498	1602
05385161	1603
04713428	1604
12925179	1605
01163316	1606
10257948	1607
12387478	1608
01726390	1609
06152821	1610
04087524	1611
11876976	1612
01841947	1613
00700000	1614
03172211	1615
14105737	1616
01288057	1617
06253690	1618
01288052	1619
12538380	1620
06433923	1621
02265471	1622
00319886	1623
02363681	1624
11757190	1625
00042541	1626
01427695	1627
00250710	1628
00670261	1629
01882125	1630
02705201	1631
02392762	1632
01212882	1633
01607103	1634
00272391	1635
00087849	1636
01398919	1637
09441107	1638
05776015	1639
00938791	1640
03069567	1641
06156346	1642
04244615	1643
09113333	1644
01986806	1645
02363358	1646
04536866	1647
09235469	1648
10805501	1649
11873396	1650
01753488	1651
11081828	1652
00636921	1653
00725274	1654
06961853	1655
00932624	1656
00701755	1657
13491060	1658
01641545	1659
03754295	1660
00470966	1661
05399486	1662
03595860	1663
02166986	1664
12802248	1665
01704236	1666
00286008	1667
04811995	1668
02167052	1669
13512036	1670
03813176	1671
00135285	1672
12160490	1673
02189363	1674
01785748	1675
05303020	1676
09294066	1677
02353861	1678
05689645	1679
11427067	1680
05999797	1681
08539893	1682
02541687	1683
05630277	1684
01709278	1685
04671394	1686
05773407	1687
04682184	1688
07118002	1689
13649791	1690
10595647	1691
06584702	1692
02687992	1693
00264776	1694
00968155	1695
00260648	1696
05565192	1697
07961016	1698
06529219	1699
02174153	1700
01259380	1701
00408085	1702
12512460	1703
06955931	1704
00965687	1705
10706812	1706
04715947	1707
02850060	1708
02641298	1709
01531742	1710
06954048	1711
03471030	1712
00287848	1713
06317672	1714
07065333	1715
08961402	1716
05198132	1717
10336904	1718
03750912	1719
12751172	1720
07404584	1721
05829342	1722
00384510	1723
13658657	1724
01122601	1725
01081456	1726
04257986	1727
13955461	1728
04968257	1729
09532214	1730
08558488	1731
00851587	1732
13727478	1733
00271520	1734
06261922	1735
03759954	1736
00477665	1737
11634970	1738
07484547	1739
14498096	1740
07960769	1741
09935233	1742
03982430	1743
00497391	1744
04526520	1745
08772922	1746
02091885	1747
07752109	1748
04773351	1749
06804199	1750
00754873	1751
00273963	1752
01126961	1753
02530003	1754
08223263	1755
00205891	1756
11345181	1757
07743902	1758
01845477	1759
04413419	1760
13204826	1761
06694540	1762
02344243	1763
01703613	1764
08428756	1765
14549070	1766
00697365	1767
00815379	1768
00616083	1769
07226330	1770
12654387	1771
07309781	1772
09286630	1773
12505752	1774
10065547	1775
00006238	1776
09476717	1777
02011040	1778
06796506	1779
11879895	1780
06785367	1781
00894359	1782
01908415	1783
01772782	1784
05342214	1785
15278960	1786
02413140	1787
00045145	1788
00241038	1789
00005526	1790
07527656	1791
08685677	1792
04481373	1793
12327407	1794
12417273	1795
04777634	1796
01676313	1797
05586446	1798
11923174	1799
08968879	1800
03371875	1801
12164065	1802
01747885	1803
12459275	1804
08810220	1805
12978969	1806
03064935	1807
10594284	1808
00276601	1809
11124472	1810
13428608	1811
01264336	1812
01186958	1813
01631035	1814
05869584	1815
01221542	1816
12201938	1817
00309647	1818
03969259	1819
05556595	1820
02628961	1821
00289365	1822
13049561	1823
08230294	1824
12148079	1825
01052782	1826
07256695	1827
02653159	1828
09453288	1829
01388992	1830
07223450	1831
00618682	1832
03908831	1833
02376089	1834
00768353	1835
02602685	1836
09645091	1837
12459471	1838
00435294	1839
00909899	1840
01772222	1841
01028381	1842
02774502	1843
05129201	1844
11014833	1845
09199101	1846
10625546	1847
14371161	1848
10407726	1849
01229976	1850
14910581	1851
02524171	1852
04938228	1853
12738480	1854
10104209	1855
12717072	1856
07378234	1857
05934673	1858
13810141	1859
02722782	1860
06917764	1861
02395115	1862
14752702	1863
10203298	1864
11689197	1865
05036715	1866
10373801	1867
01211019	1868
04372171	1869
01031256	1870
12412355	1871
12945828	1872
09701148	1873
11900058	1874
00514128	1875
08770932	1876
15291199	1877
05542539	1878
11487732	1879
03386011	1880
01133876	1881
02490964	1882
02457945	1883
08994834	1884
01096860	1885
03852280	1886
05081300	1887
00860434	1888
04640176	1889
05701738	1890
01412548	1891
13043264	1892
02470451	1893
12982723	1894
09281545	1895
01764800	1896
06762711	1897
07537068	1898
02581073	1899
01627965	1900
06386156	1901
13200806	1902
07539511	1903
12250708	1904
05474738	1905
06941644	1906
00099721	1907
12524518	1908
11942487	1909
10276238	1910
07775197	1911
02017607	1912
08617963	1913
02210119	1914
07396658	1915
04659090	1916
02261630	1917
02522247	1918
10113997	1919
14083790	1920
00032539	1921
05278714	1922
06758225	1923
10541106	1924
02989313	1925
00092690	1926
14916185	1927
15222369	1928
00784388	1929
10762064	1930
12639168	1931
03273913	1932
09902353	1933
00890441	1934
02341974	1935
01419982	1936
01314910	1937
01718535	1938
10069869	1939
05005809	1940
00839526	1941
01811172	1942
01176567	1943
00809654	1944
01820302	1945
05095691	1946
02018207	1947
08042183	1948
05682570	1949
01895612	1950
02650541	1951
05847438	1952
02322596	1953
08177487	1954
07631212	1955
08482113	1956
02184610	1957
01048718	1958
07395623	1959
02322712	1960
00632201	1961
05984287	1962
01782519	1963
05177285	1964
01782516	1965
07176962	1966
00436879	1967
01446283	1968
02034394	1969
01036319	1970
11970429	1971
13860281	1972
12313005	1973
03220692	1974
10820163	1975
02024143	1976
01615457	1977
03003730	1978
12745976	1979
01615458	1980
03998525	1981
01362736	1982
01985128	1983
14038264	1984
13946760	1985
02710294	1986
10314703	1987
13906345	1988
02907985	1989
13895262	1990
05514905	1991
09229409	1992
01973125	1993
05547396	1994
02441942	1995
05885622	1996
11877283	1997
11722982	1998
00143204	1999
09734294	2000
01297401	2001
00107231	2002
06286395	2003
06781383	2004
00514871	2005
12219289	2006
13903738	2007
02714974	2008
01985797	2009
00569556	2010
02547586	2011
03785843	2012
03899768	2013
01664244	2014
02888133	2015
01169433	2016
13015229	2017
00931847	2018
13311368	2019
00812149	2020
02346627	2021
13900422	2022
04472243	2023
10111903	2024
01647229	2025
10959857	2026
11780589	2027
05485098	2028
02495922	2029
00196084	2030
13250542	2031
10347446	2032
09727440	2033
09877443	2034
05307773	2035
00344040	2036
08112630	2037
10225219	2038
11800799	2039
01884266	2040
00070641	2041
06778925	2042
02934641	2043
03667380	2044
13583724	2045
10626540	2046
08229694	2047
04543772	2048
04496404	2049
03285912	2050
09356639	2051
05776679	2052
02070466	2053
09604981	2054
12191965	2055
00782241	2056
08121867	2057
01936048	2058
09663472	2059
07536074	2060
06274092	2061
01292928	2062
12508936	2063
03745285	2064
08622586	2065
07020895	2066
04983122	2067
14670639	2068
00512843	2069
01531998	2070
13624705	2071
04992570	2072
01043887	2073
01669792	2074
09730533	2075
05836275	2076
08734044	2077
03519081	2078
01946277	2079
11660848	2080
00365446	2081
07761461	2082
05685363	2083
02964389	2084
13313733	2085
03128519	2086
12857024	2087
03877472	2088
07930554	2089
14739004	2090
11327744	2091
13872592	2092
09459557	2093
01751389	2094
10488309	2095
01194483	2096
13250680	2097
01198101	2098
03561657	2099
02611002	2100
09357580	2101
14583670	2102
02661574	2103
07556872	2104
06708866	2105
08361329	2106
11416722	2107
10422540	2108
00023383	2109
00669243	2110
02661252	2111
00205079	2112
01356582	2113
14931879	2114
02077656	2115
06293229	2116
05932477	2117
14324274	2118
01466733	2119
07452699	2120
02015031	2121
03956922	2122
12547658	2123
01870275	2124
01919391	2125
12536040	2126
02335629	2127
01081852	2128
03693089	2129
01618053	2130
04638175	2131
10097842	2132
01650509	2133
02462828	2134
06212422	2135
07204911	2136
11292391	2137
00137279	2138
02938886	2139
10317500	2140
10570019	2141
00593219	2142
02738760	2143
02137428	2144
06808720	2145
00263813	2146
08560952	2147
04766852	2148
07747055	2149
00920956	2150
02424128	2151
13393427	2152
10420031	2153
11993932	2154
01073995	2155
05456732	2156
02274516	2157
13197085	2158
11699442	2159
02540347	2160
00287258	2161
15290132	2162
02541431	2163
01600480	2164
05783357	2165
08227916	2166
04385079	2167
00847932	2168
02318165	2169
02970408	2170
04056932	2171
05054863	2172
13307784	2173
03575691	2174
10284965	2175
00259643	2176
03009111	2177
01440344	2178
05120310	2179
12849717	2180
00513492	2181
04530283	2182
00476389	2183
08846324	2184
07574602	2185
10513509	2186
12590117	2187
02539101	2188
01255057	2189
15266911	2190
00564695	2191
09154731	2192
01002297	2193
01080064	2194
03918480	2195
03828155	2196
05167412	2197
12725521	2198
13850019	2199
10369317	2200
01993065	2201
00198270	2202
01003741	2203
01950731	2204
00588881	2205
01961059	2206
00588888	2207
04989362	2208
02877513	2209
06217103	2210
00810598	2211
02309841	2212
09913329	2213
05393230	2214
07677860	2215
09305479	2216
09125629	2217
01071632	2218
02428924	2219
09730951	2220
02675067	2221
00133981	2222
13795180	2223
05395690	2224
00069531	2225
01159776	2226
01107439	2227
00611256	2228
08726463	2229
01306736	2230
07231048	2231
03472796	2232
01185304	2233
10386312	2234
08612340	2235
00322847	2236
08771596	2237
02169352	2238
14637507	2239
00275151	2240
05010801	2241
03281935	2242
01119030	2243
10169796	2244
00431552	2245
00722848	2246
00747519	2247
00532886	2248
01022178	2249
00276068	2250
01889074	2251
03615133	2252
11882074	2253
02192388	2254
09639919	2255
03302487	2256
02448318	2257
03918737	2258
01330497	2259
01029852	2260
04567222	2261
11921395	2262
00877345	2263
01254013	2264
09908025	2265
09331328	2266
02431834	2267
06839858	2268
12594746	2269
01074650	2270
09108164	2271
04855138	2272
01323793	2273
01638368	2274
06716796	2275
06693198	2276
12808751	2277
10940053	2278
01103180	2279
14416473	2280
09751622	2281
04325409	2282
07358060	2283
11159920	2284
03859958	2285
03006105	2286
14457041	2287
10613996	2288
02356420	2289
09964659	2290
09892831	2291
08220891	2292
01616764	2293
00855674	2294
02412175	2295
05723210	2296
11835251	2297
01113134	2298
14121276	2299
15092059	2300
07856270	2301
00229605	2302
15279596	2303
09696280	2304
04489008	2305
01824532	2306
14508974	2307
07042862	2308
13335172	2309
00528339	2310
15211189	2311
09054350	2312
02488291	2313
10625860	2314
00164345	2315
07208930	2316
00437976	2317
02333358	2318
00231557	2319
10237935	2320
01258642	2321
09761753	2322
05161150	2323
01032368	2324
07966140	2325
08277805	2326
13533886	2327
00911572	2328
06694359	2329
00356258	2330
02425756	2331
00710415	2332
05157866	2333
00003431	2334
11858077	2335
01191755	2336
02907473	2337
04300080	2338
01276970	2339
03154073	2340
08580583	2341
12935982	2342
13617207	2343
00019128	2344
12513613	2345
13277886	2346
02274259	2347
01480770	2348
10387586	2349
02274253	2350
03234164	2351
03199901	2352
14668065	2353
08272352	2354
01300655	2355
07567139	2356
06062407	2357
00667942	2358
01670777	2359
10149527	2360
01516290	2361
13154586	2362
00929839	2363
13931765	2364
06543536	2365
01995803	2366
09643078	2367
00040962	2368
00440286	2369
12459629	2370
04764242	2371
11261184	2372
00812977	2373
04981139	2374
03760671	2375
02752567	2376
05971086	2377
02763520	2378
00119210	2379
06171040	2380
07619881	2381
13381145	2382
14412882	2383
01387065	2384
02247749	2385
09705124	2386
01818959	2387
02642610	2388
00643197	2389
09069752	2390
03236423	2391
12787565	2392
01265475	2393
00355252	2394
07786005	2395
02308852	2396
01056411	2397
12119099	2398
07252764	2399
01222328	2400
01067664	2401
10546850	2402
06417096	2403
10448322	2404
01994176	2405
12100382	2406
01487927	2407
02064154	2408
07774295	2409
02579247	2410
12026306	2411
00060185	2412
05515670	2413
09024467	2414
02801525	2415
01664990	2416
00745431	2417
01052248	2418
01073655	2419
07048000	2420
08794798	2421
04058096	2422
13752033	2423
09160775	2424
13623636	2425
07979425	2426
09776261	2427
08724726	2428
01816887	2429
02135486	2430
00728826	2431
07734555	2432
00896497	2433
14961512	2434
02134350	2435
08725454	2436
07391863	2437
00819163	2438
05289601	2439
10470779	2440
05441468	2441
00471058	2442
12126516	2443
01817424	2444
08543625	2445
10113072	2446
14651212	2447
01396170	2448
00962190	2449
09676884	2450
14446652	2451
15150013	2452
12081022	2453
01745141	2454
02428487	2455
00935940	2456
11702428	2457
00678105	2458
13388245	2459
10608385	2460
02661017	2461
02932019	2462
02571810	2463
06239931	2464
01329239	2465
00295172	2466
01954202	2467
08840749	2468
01662274	2469
04904664	2470
01857325	2471
01424607	2472
00801277	2473
02116322	2474
07135734	2475
07391240	2476
08441039	2477
06672752	2478
01884834	2479
04960079	2480
02769290	2481
00838043	2482
12393723	2483
01371201	2484
03014705	2485
12676703	2486
10229498	2487
09772029	2488
05723417	2489
00150591	2490
10577284	2491
03125057	2492
08168117	2493
06715223	2494
00103419	2495
08045140	2496
05030418	2497
01091905	2498
06449620	2499
14979730	2500
06423754	2501
07730708	2502
04046974	2503
05487423	2504
00639007	2505
02796995	2506
10136615	2507
09027460	2508
09669125	2509
06588511	2510
00302875	2511
09135447	2512
01724459	2513
00349951	2514
13211516	2515
02292272	2516
11887750	2517
11835114	2518
03461119	2519
02705651	2520
13215462	2521
14774894	2522
08975435	2523
05762149	2524
06893885	2525
01885367	2526
12864363	2527
09002814	2528
07821260	2529
04801313	2530
11460488	2531
07411645	2532
00177243	2533
12893094	2534
03223686	2535
08293982	2536
01099592	2537
02846260	2538
10938363	2539
00829761	2540
02445276	2541
03132879	2542
00104868	2543
01290422	2544
01158190	2545
01499265	2546
12404943	2547
01053920	2548
14350292	2549
01201693	2550
00825648	2551
02283324	2552
01785579	2553
05570839	2554
11979715	2555
03785142	2556
03551084	2557
06355459	2558
15009843	2559
08969123	2560
07426893	2561
04103491	2562
07800487	2563
00595333	2564
02068541	2565
10094782	2566
06667792	2567
08805801	2568
01167710	2569
00463543	2570
14702875	2571
09565099	2572
10469611	2573
02349980	2574
03354350	2575
00223720	2576
00683280	2577
00263492	2578
02921325	2579
08808452	2580
00075790	2581
00544549	2582
01653384	2583
02125311	2584
05960464	2585
12399132	2586
02678738	2587
00824066	2588
00165244	2589
10354898	2590
05968971	2591
01785392	2592
01606574	2593
00726300	2594
04963740	2595
13836371	2596
00463234	2597
10431122	2598
01898731	2599
02065726	2600
13990502	2601
02164402	2602
00762043	2603
12532008	2604
00154778	2605
10082146	2606
01872244	2607
02585489	2608
01084637	2609
07111711	2610
13736197	2611
00102974	2612
04815624	2613
12724942	2614
10508475	2615
00917772	2616
10092098	2617
01141763	2618
00424869	2619
02055280	2620
02703894	2621
14244726	2622
05775407	2623
01530431	2624
00858781	2625
05808218	2626
05368278	2627
02547046	2628
10259527	2629
11918631	2630
11997409	2631
11847841	2632
03959701	2633
02933990	2634
10612803	2635
02633677	2636
09729387	2637
13171447	2638
06956129	2639
00582388	2640
14425414	2641
10213180	2642
01875295	2643
08282696	2644
03630262	2645
10120671	2646
07746334	2647
05453657	2648
10773665	2649
01803003	2650
03877845	2651
00451370	2652
03048598	2653
04353016	2654
08591269	2655
10096126	2656
10495421	2657
02277279	2658
00763713	2659
04232312	2660
07442068	2661
00788473	2662
15203791	2663
01882081	2664
11684739	2665
13993356	2666
02411705	2667
01635659	2668
00432839	2669
01477373	2670
02193496	2671
01751021	2672
00756598	2673
00332017	2674
01214171	2675
06185748	2676
00575365	2677
05313535	2678
01682234	2679
03138344	2680
04321238	2681
04913568	2682
06653363	2683
01984317	2684
04593629	2685
02434238	2686
08988216	2687
02208143	2688
09217638	2689
00302464	2690
05576194	2691
05948857	2692
12553742	2693
01410109	2694
08902422	2695
13501738	2696
08082236	2697
06473563	2698
01417451	2699
08963369	2700
15161872	2701
02094569	2702
11008870	2703
00756338	2704
00605086	2705
00756331	2706
01548576	2707
00761713	2708
11052672	2709
07071483	2710
12387839	2711
00284930	2712
10270232	2713
14698884	2714
03525252	2715
00884317	2716
01933686	2717
00884311	2718
04721650	2719
12200504	2720
05417472	2721
05058140	2722
09160968	2723
09208496	2724
00802136	2725
07366289	2726
03092656	2727
07436661	2728
00155085	2729
04603872	2730
02158846	2731
01527194	2732
01881857	2733
06258680	2734
12669157	2735
02157399	2736
01163083	2737
03836191	2738
11616852	2739
02635911	2740
09811852	2741
13960464	2742
13134302	2743
01501960	2744
01315330	2745
08649345	2746
07993929	2747
00279136	2748
06469874	2749
04650527	2750
13157137	2751
01868780	2752
09285979	2753
13548531	2754
08145871	2755
13970236	2756
07959269	2757
00080705	2758
03567325	2759
13989627	2760
06528992	2761
12975804	2762
01079172	2763
12290116	2764
00286798	2765
13471681	2766
07159276	2767
01847845	2768
01929467	2769
00851994	2770
01270343	2771
07821107	2772
01633578	2773
00540739	2774
12798632	2775
00312648	2776
13608598	2777
13089902	2778
08139000	2779
03600285	2780
00226566	2781
07180372	2782
03304605	2783
00495331	2784
02204585	2785
10221312	2786
02914813	2787
11504225	2788
13366537	2789
14576468	2790
10519494	2791
02350175	2792
09893015	2793
02016523	2794
08652970	2795
08956760	2796
07339329	2797
00337234	2798
06440102	2799
12577686	2800
01538469	2801
07605474	2802
00138217	2803
08633957	2804
00064643	2805
03568117	2806
08355075	2807
10871756	2808
00620554	2809
07222823	2810
01928730	2811
03381776	2812
02169497	2813
05545212	2814
08997310	2815
09125016	2816
12474620	2817
12766043	2818
10618848	2819
10585976	2820
11848610	2821
06398401	2822
11616662	2823
04459122	2824
03099454	2825
04063868	2826
00366691	2827
06872122	2828
07818689	2829
13386614	2830
10255096	2831
12843970	2832
00800421	2833
13224086	2834
10128909	2835
03028079	2836
02165877	2837
06939198	2838
02418421	2839
07238694	2840
02121048	2841
10808353	2842
08925700	2843
04485226	2844
01023071	2845
12233410	2846
14483917	2847
00276214	2848
11893004	2849
09087450	2850
13956488	2851
12796385	2852
04460634	2853
02231307	2854
02050132	2855
02719450	2856
10159852	2857
07993109	2858
03644378	2859
09617161	2860
14252320	2861
01364008	2862
07408965	2863
10100761	2864
02633534	2865
02433205	2866
06567143	2867
08494987	2868
09009372	2869
01395254	2870
12382484	2871
15106271	2872
00710338	2873
00272683	2874
01594362	2875
03113881	2876
07475870	2877
05258889	2878
11946584	2879
01258852	2880
04371979	2881
14048441	2882
00053609	2883
00508933	2884
00718924	2885
00445802	2886
04388372	2887
05503705	2888
05048301	2889
00904878	2890
05219561	2891
01670511	2892
13627516	2893
07165086	2894
04835260	2895
00331713	2896
03743016	2897
11695974	2898
10763985	2899
00918383	2900
09963773	2901
02171664	2902
12694707	2903
01088381	2904
01859496	2905
02146526	2906
12526516	2907
00626188	2908
08241798	2909
12149521	2910
06418693	2911
05813229	2912
08049125	2913
09476331	2914
09504915	2915
00950206	2916
02439568	2917
09232841	2918
02014553	2919
12772419	2920
03210940	2921
07524760	2922
02023664	2923
14403772	2924
00437852	2925
12259615	2926
07970406	2927
00020827	2928
08808292	2929
02758960	2930
12344283	2931
00599329	2932
09883452	2933
08586825	2934
13721387	2935
03396654	2936
02028366	2937
11473138	2938
09679925	2939
02110220	2940
08850741	2941
10617904	2942
14369744	2943
04818700	2944
00902932	2945
13369857	2946
13634615	2947
03863262	2948
00439484	2949
04508062	2950
03585073	2951
14356993	2952
02551144	2953
09070233	2954
02652668	2955
01898282	2956
04917439	2957
00886173	2958
00516086	2959
02651412	2960
14810704	2961
12454021	2962
01487718	2963
02135726	2964
07804152	2965
04189651	2966
01358023	2967
05854150	2968
03208229	2969
02179714	2970
02648106	2971
02628856	2972
13189222	2973
07319909	2974
13443787	2975
13624190	2976
10673946	2977
05717342	2978
02438774	2979
01964441	2980
00582318	2981
02246284	2982
02436645	2983
04476259	2984
02312478	2985
12864160	2986
01963795	2987
14627081	2988
00094001	2989
00455348	2990
14761578	2991
14062725	2992
05811884	2993
01360937	2994
06959427	2995
08154012	2996
13483726	2997
01215719	2998
13133613	2999
01416354	3000
07355887	3001
03963028	3002
02455310	3003
12534453	3004
10733117	3005
09484664	3006
04710127	3007
08349916	3008
02782093	3009
12926480	3010
00592535	3011
05919034	3012
14925776	3013
08954611	3014
02361600	3015
01015175	3016
01682039	3017
09936825	3018
07320734	3019
00632438	3020
09032321	3021
09325530	3022
00346693	3023
01811441	3024
07672421	3025
01452255	3026
00708538	3027
13178284	3028
02182109	3029
02235321	3030
12013811	3031
00091234	3032
05934396	3033
01716491	3034
03118790	3035
02475261	3036
01996574	3037
08439955	3038
10637038	3039
03068473	3040
10464542	3041
08041484	3042
11884384	3043
00141806	3044
13367070	3045
02510769	3046
14252864	3047
03705379	3048
02355259	3049
12851860	3050
13740765	3051
13515958	3052
10264437	3053
06543781	3054
09896170	3055
02498716	3056
04161981	3057
09829923	3058
04339638	3059
02072501	3060
02200705	3061
12358293	3062
05491612	3063
03592245	3064
07819480	3065
05734559	3066
02856463	3067
12960211	3068
03488438	3069
10700201	3070
04160586	3071
00668099	3072
05538215	3073
08830720	3074
00920778	3075
05499379	3076
02456031	3077
11714853	3078
01680132	3079
10612518	3080
07202812	3081
00843468	3082
01804753	3083
09441725	3084
01883212	3085
14745057	3086
05701944	3087
05614175	3088
04517535	3089
05405946	3090
05693919	3091
02059723	3092
13649626	3093
01623792	3094
01647867	3095
12653218	3096
02688403	3097
08605261	3098
08646188	3099
14477667	3100
05771836	3101
15129927	3102
00450700	3103
09810867	3104
08677801	3105
12898226	3106
02118058	3107
07503430	3108
07746910	3109
10555059	3110
04216634	3111
02046321	3112
03077074	3113
02656390	3114
07682316	3115
02420389	3116
03376279	3117
00342755	3118
13376012	3119
06680002	3120
02199590	3121
12145919	3122
11925898	3123
12201166	3124
10208287	3125
01841471	3126
10047459	3127
06964901	3128
08688590	3129
01425076	3130
12348774	3131
04204468	3132
02131418	3133
02409508	3134
13365698	3135
04848262	3136
02661769	3137
10510078	3138
04248851	3139
13273550	3140
02641215	3141
09983572	3142
00141396	3143
02363818	3144
00340989	3145
01169589	3146
09713108	3147
14007546	3148
05892096	3149
01731031	3150
07339653	3151
01931520	3152
11663136	3153
00533671	3154
01003049	3155
11796744	3156
04218564	3157
02687916	3158
10602695	3159
02041678	3160
04475900	3161
04996355	3162
07983856	3163
00141027	3164
11121876	3165
10411867	3166
02168555	3167
12548134	3168
13886260	3169
01789740	3170
14367797	3171
01720660	3172
12198286	3173
00025034	3174
01322675	3175
01881180	3176
14449126	3177
11444117	3178
12499979	3179
14125466	3180
00858377	3181
01576478	3182
03894379	3183
12769663	3184
09622928	3185
07696527	3186
01583636	3187
01040707	3188
03031553	3189
09319604	3190
15113229	3191
03035252	3192
06723635	3193
04218383	3194
01261018	3195
01084466	3196
15092227	3197
02828427	3198
10068234	3199
08709704	3200
01267475	3201
13377268	3202
01458105	3203
01736569	3204
04662951	3205
07904934	3206
13143930	3207
14362179	3208
11856055	3209
04825114	3210
09666622	3211
00698398	3212
06053439	3213
05862721	3214
05685879	3215
01184625	3216
01800424	3217
01800422	3218
07514968	3219
01264447	3220
02685665	3221
02222718	3222
04991511	3223
12569233	3224
00339941	3225
03109399	3226
09541125	3227
05128370	3228
05247057	3229
08899776	3230
02575766	3231
01581166	3232
08812399	3233
08849372	3234
05337301	3235
00509607	3236
00856193	3237
10744164	3238
02732798	3239
02236495	3240
15138401	3241
02386388	3242
03539875	3243
05059132	3244
00763901	3245
02587239	3246
02630281	3247
00662972	3248
09368224	3249
07085375	3250
01271915	3251
13888491	3252
08739669	3253
01570258	3254
07528097	3255
12723446	3256
12324756	3257
14175165	3258
06583178	3259
01519873	3260
11501737	3261
11059438	3262
01798936	3263
00461493	3264
00866314	3265
02485451	3266
15055633	3267
00654400	3268
09991867	3269
12579404	3270
01350226	3271
07996412	3272
12474006	3273
01035803	3274
02474446	3275
04689660	3276
01072262	3277
01324142	3278
03832405	3279
07977344	3280
00445351	3281
00086297	3282
02730135	3283
14064408	3284
06550552	3285
01497750	3286
05000116	3287
00430191	3288
11657314	3289
13326198	3290
00885858	3291
13607405	3292
11484975	3293
12776391	3294
08252211	3295
01634392	3296
07222581	3297
02275372	3298
02163144	3299
02472693	3300
10884597	3301
01881957	3302
11623304	3303
02032415	3304
02654425	3305
00330457	3306
03478907	3307
07443210	3308
09539183	3309
02836035	3310
02484322	3311
05137165	3312
07769465	3313
03238131	3314
00477941	3315
01764171	3316
05293944	3317
07047011	3318
01670051	3319
02321757	3320
02281325	3321
01812337	3322
02321759	3323
02911485	3324
01518047	3325
10526096	3326
06943558	3327
00155547	3328
01835496	3329
03022349	3330
01022483	3331
06506603	3332
11356636	3333
05646535	3334
12044571	3335
08750151	3336
00620532	3337
03098803	3338
07506382	3339
03098806	3340
00758333	3341
00965035	3342
13864965	3343
00961586	3344
02817799	3345
09338712	3346
01708542	3347
01624537	3348
01522276	3349
05588174	3350
13478525	3351
09856827	3352
01167188	3353
02998363	3354
14669413	3355
11070644	3356
03379828	3357
12998349	3358
06016276	3359
02181013	3360
02914991	3361
05611822	3362
09125203	3363
12539074	3364
01744082	3365
03860741	3366
01770802	3367
14918994	3368
09283866	3369
15291801	3370
09416570	3371
08139270	3372
10855604	3373
03942397	3374
10499355	3375
11630489	3376
01811682	3377
12219495	3378
01102667	3379
01827064	3380
03905540	3381
07019172	3382
12629946	3383
02403408	3384
08098499	3385
13265904	3386
12075495	3387
01996377	3388
02267644	3389
06990544	3390
01666431	3391
12321395	3392
10675876	3393
05349906	3394
13148019	3395
09962789	3396
01453433	3397
02721948	3398
00145218	3399
01138204	3400
13286801	3401
05868477	3402
00162632	3403
09204977	3404
07725376	3405
08399378	3406
12945177	3407
02108665	3408
07277158	3409
01523656	3410
14023491	3411
01538161	3412
02480346	3413
05594822	3414
00292247	3415
12908432	3416
03228016	3417
07307477	3418
04348359	3419
00178380	3420
08416652	3421
03400231	3422
02486232	3423
14604959	3424
05155821	3425
07168131	3426
00313171	3427
00784874	3428
00063724	3429
08934694	3430
08579352	3431
09268236	3432
01291707	3433
06345566	3434
12221522	3435
01660870	3436
00571609	3437
12104943	3438
05539012	3439
00484166	3440
04815321	3441
10399299	3442
14380140	3443
02038010	3444
01737021	3445
04728786	3446
02875499	3447
00665886	3448
13904843	3449
02789271	3450
13282007	3451
00266253	3452
02336011	3453
00968715	3454
02749479	3455
02628337	3456
00442847	3457
00521478	3458
01289830	3459
13359572	3460
00062451	3461
07087777	3462
09408540	3463
12567950	3464
02110927	3465
01183497	3466
09953178	3467
04649261	3468
13467009	3469
02971672	3470
12441183	3471
00355547	3472
03368352	3473
14521954	3474
12397431	3475
01088192	3476
00243124	3477
14319454	3478
14120767	3479
01994442	3480
04613158	3481
01677366	3482
12351287	3483
02668393	3484
13201969	3485
00215314	3486
06512580	3487
00168588	3488
09388121	3489
13908580	3490
09633969	3491
14173484	3492
02186690	3493
07731952	3494
10386071	3495
01133288	3496
01670315	3497
08751494	3498
06916803	3499
00268011	3500
08111783	3501
04716210	3502
02032646	3503
14006179	3504
10675481	3505
00050195	3506
01068012	3507
03098491	3508
02723951	3509
00555447	3510
09083390	3511
11832899	3512
02340186	3513
07642933	3514
03075768	3515
00676834	3516
01266491	3517
13195151	3518
09407346	3519
08337324	3520
03122295	3521
09340452	3522
00354634	3523
00685508	3524
00310666	3525
14801921	3526
01008288	3527
09030467	3528
03098140	3529
00351048	3530
06926458	3531
03771066	3532
05228020	3533
14584502	3534
05601662	3535
01472638	3536
14428160	3537
00322634	3538
14351321	3539
10291110	3540
03202760	3541
13149506	3542
01909397	3543
04332987	3544
03496612	3545
01967104	3546
07028964	3547
00059019	3548
13198054	3549
06200741	3550
01299994	3551
13863186	3552
01850373	3553
00736375	3554
11948264	3555
11612018	3556
12060118	3557
13453160	3558
14258609	3559
12574470	3560
13543564	3561
14621446	3562
02965300	3563
00597634	3564
10804287	3565
10729923	3566
13520981	3567
00425278	3568
00024279	3569
01508368	3570
09970088	3571
01754533	3572
01558440	3573
01836527	3574
08961970	3575
01284124	3576
02162434	3577
00185104	3578
00185103	3579
04338359	3580
00483656	3581
12887293	3582
11446242	3583
09937903	3584
02355596	3585
02896442	3586
03967942	3587
08787695	3588
00421691	3589
00412292	3590
05809192	3591
02349730	3592
04357314	3593
10669727	3594
10119953	3595
03560161	3596
09937250	3597
01668603	3598
01977080	3599
12094244	3600
02269015	3601
00668112	3602
13730054	3603
09649554	3604
13924659	3605
02361811	3606
02048051	3607
12116881	3608
05254393	3609
09606527	3610
07546125	3611
13632007	3612
05453523	3613
02040709	3614
13063784	3615
02137132	3616
02316304	3617
01765392	3618
00243918	3619
09482715	3620
02122580	3621
01851731	3622
04683600	3623
00584367	3624
12562577	3625
06514093	3626
04364160	3627
01217306	3628
10068804	3629
00025654	3630
00485711	3631
12397864	3632
11414411	3633
12938193	3634
02341288	3635
06054446	3636
05748786	3637
07007945	3638
06570110	3639
08731606	3640
02222994	3641
00696518	3642
02227741	3643
01599919	3644
00265386	3645
04468005	3646
03402188	3647
10133644	3648
02675354	3649
07331400	3650
04011242	3651
12816753	3652
10362428	3653
05091316	3654
05260240	3655
10785869	3656
02099029	3657
12989462	3658
01291069	3659
09364249	3660
02174870	3661
01602318	3662
12090041	3663
11896365	3664
11703669	3665
13262913	3666
03305522	3667
11744583	3668
02286089	3669
02992032	3670
00264386	3671
00103875	3672
13917094	3673
00431005	3674
10434424	3675
02716767	3676
04142549	3677
12746106	3678
01109087	3679
02706046	3680
04707409	3681
08804049	3682
01309991	3683
00033615	3684
00264034	3685
00585406	3686
01325417	3687
10869931	3688
07200527	3689
08770274	3690
12178358	3691
09475292	3692
00022686	3693
07796165	3694
07334206	3695
01498822	3696
07866723	3697
01713764	3698
04406817	3699
05803938	3700
07754684	3701
08096474	3702
03471779	3703
02213074	3704
04405540	3705
01714231	3706
14548913	3707
14560360	3708
00609683	3709
00370412	3710
00002325	3711
07859583	3712
02087122	3713
05895723	3714
07606764	3715
13149970	3716
05529159	3717
10176111	3718
11741350	3719
09697401	3720
11885697	3721
11705921	3722
12807409	3723
01594157	3724
02330967	3725
00327031	3726
02578384	3727
00840363	3728
02432291	3729
06226057	3730
08419163	3731
13775093	3732
01108753	3733
06676709	3734
02823124	3735
00677808	3736
00656107	3737
00201058	3738
00422090	3739
02290029	3740
08390012	3741
12945366	3742
02093610	3743
01240432	3744
08429167	3745
01035530	3746
06477209	3747
09458079	3748
06387980	3749
09951070	3750
02251065	3751
00549552	3752
15242599	3753
03534776	3754
03032811	3755
13500557	3756
02566109	3757
12946088	3758
14103288	3759
02544781	3760
12668517	3761
06156968	3762
08686129	3763
02270404	3764
14060688	3765
01889610	3766
01273491	3767
07827130	3768
00380424	3769
04351776	3770
11893451	3771
04873939	3772
01824244	3773
04898208	3774
11460063	3775
13809920	3776
06711159	3777
00324560	3778
13625884	3779
11862598	3780
02076027	3781
07766530	3782
06311852	3783
01896031	3784
08341330	3785
02333689	3786
02522990	3787
11683331	3788
12506181	3789
00431826	3790
12578255	3791
07126734	3792
05916739	3793
01557962	3794
00581891	3795
02231487	3796
01682920	3797
09761068	3798
02003204	3799
06700169	3800
07376937	3801
00605246	3802
09231361	3803
04863969	3804
00765791	3805
09995398	3806
00617413	3807
14557898	3808
11947251	3809
00434374	3810
04740173	3811
06956544	3812
09613191	3813
00232863	3814
07051975	3815
12768369	3816
01987353	3817
04071393	3818
09756637	3819
06760722	3820
06185581	3821
12918404	3822
00255079	3823
05585205	3824
12776212	3825
01154237	3826
06300193	3827
02604342	3828
13432249	3829
02230990	3830
11461825	3831
01079480	3832
01131794	3833
14070360	3834
09834378	3835
15167906	3836
04906712	3837
12878784	3838
06274921	3839
09184668	3840
00550117	3841
02061366	3842
01481027	3843
01912272	3844
09464335	3845
05284333	3846
08765771	3847
02521646	3848
08923755	3849
01314781	3850
12903367	3851
08419984	3852
07497797	3853
00941140	3854
01521980	3855
00530592	3856
13964879	3857
05434927	3858
02480673	3859
00240131	3860
02237424	3861
10683126	3862
14612764	3863
02278061	3864
02166674	3865
01086945	3866
04763293	3867
00931467	3868
03938244	3869
09349192	3870
04530566	3871
10505206	3872
00754118	3873
00708017	3874
01223488	3875
14121058	3876
09105821	3877
00928751	3878
12928690	3879
14599168	3880
14618253	3881
00118523	3882
06758835	3883
02603699	3884
02473688	3885
02496576	3886
02117900	3887
03707766	3888
04107984	3889
07255998	3890
06416946	3891
00864680	3892
01182293	3893
12510343	3894
13002433	3895
00913982	3896
12732009	3897
12380197	3898
07409475	3899
00715541	3900
02688895	3901
00896141	3902
01452593	3903
04063373	3904
00555983	3905
00830761	3906
01487077	3907
14993378	3908
01205010	3909
12955639	3910
02205219	3911
12450099	3912
02729837	3913
02529515	3914
01148182	3915
06837572	3916
01835280	3917
01037498	3918
01419573	3919
06043075	3920
02711114	3921
01745722	3922
01210152	3923
06750154	3924
11754188	3925
01227675	3926
12879350	3927
03957567	3928
07764486	3929
01383393	3930
14591091	3931
03167666	3932
10736394	3933
00406800	3934
12264786	3935
12494629	3936
10226993	3937
05065386	3938
01529766	3939
00628302	3940
14531983	3941
06665370	3942
00973888	3943
01262113	3944
13815742	3945
00520881	3946
02766320	3947
12923108	3948
00746587	3949
02766328	3950
02023992	3951
03153375	3952
00911048	3953
02200198	3954
12343306	3955
02440020	3956
05289861	3957
14315192	3958
04097866	3959
12094786	3960
06629858	3961
01672950	3962
09796809	3963
01113473	3964
00215683	3965
03432129	3966
00997794	3967
02109811	3968
10154013	3969
00143589	3970
02534307	3971
09503282	3972
02109818	3973
08231184	3974
07109847	3975
14002279	3976
01749582	3977
03120029	3978
14687818	3979
15165490	3980
07356489	3981
13169674	3982
01539136	3983
10890637	3984
12260208	3985
07175575	3986
05597594	3987
14302261	3988
12847374	3989
02118242	3990
09826605	3991
12670758	3992
02348788	3993
02551602	3994
02758270	3995
03257586	3996
04452848	3997
00599613	3998
02069551	3999
00251013	4000
12695144	4001
02916936	4002
10929886	4003
09409512	4004
03250588	4005
00627091	4006
12664710	4007
09145655	4008
03015113	4009
07083441	4010
13964466	4011
05789432	4012
10787197	4013
05484573	4014
02069888	4015
01966861	4016
14652104	4017
14289942	4018
02632567	4019
02249438	4020
02033805	4021
14879605	4022
11883945	4023
12711817	4024
00249852	4025
14085220	4026
02877910	4027
07978924	4028
04461294	4029
03513137	4030
15186147	4031
13712592	4032
05945642	4033
07350754	4034
12745160	4035
06026088	4036
08299307	4037
00818466	4038
06335832	4039
00312784	4040
05773923	4041
14627820	4042
05602835	4043
03084759	4044
02718543	4045
01621994	4046
06779914	4047
07962124	4048
08254195	4049
01915093	4050
14671372	4051
06534659	4052
02935017	4053
12665048	4054
02247028	4055
02098550	4056
03777283	4057
01852861	4058
01462468	4059
12355760	4060
05517578	4061
00772640	4062
02324182	4063
03368141	4064
12099803	4065
04169152	4066
02967407	4067
09482131	4068
02248744	4069
00566895	4070
02902816	4071
15137047	4072
00799809	4073
06008609	4074
12717914	4075
01613909	4076
14580897	4077
00051761	4078
00497219	4079
07805006	4080
02260362	4081
01694558	4082
12407890	4083
12258101	4084
05934278	4085
01944466	4086
05714161	4087
01641206	4088
04285965	4089
02313250	4090
01892849	4091
03807537	4092
06704740	4093
01612053	4094
02461701	4095
03457902	4096
00083523	4097
10152083	4098
04471632	4099
02037278	4100
09219078	4101
01549641	4102
02037272	4103
02637046	4104
02270648	4105
01543426	4106
09993252	4107
00642644	4108
13253612	4109
00558008	4110
06243096	4111
01549314	4112
10718509	4113
08799123	4114
15242029	4115
05002352	4116
02659541	4117
02954340	4118
02516594	4119
09212572	4120
01589125	4121
02165754	4122
06531481	4123
05841351	4124
01619354	4125
07552252	4126
04876053	4127
13664521	4128
04069276	4129
02898750	4130
01854838	4131
11807108	4132
14128812	4133
08950407	4134
02840935	4135
01966377	4136
14552355	4137
08028148	4138
03557360	4139
04196803	4140
04627506	4141
00034574	4142
10782471	4143
10035430	4144
14724436	4145
07986771	4146
01573276	4147
00498299	4148
03613294	4149
01797051	4150
11421401	4151
07912211	4152
04326896	4153
12692323	4154
08187033	4155
04947186	4156
00877327	4157
01200806	4158
03972524	4159
12286826	4160
09786922	4161
04990877	4162
00658942	4163
14821248	4164
02173784	4165
10250527	4166
10412055	4167
12470512	4168
02464626	4169
09026614	4170
05769726	4171
13317002	4172
09747329	4173
02656189	4174
02511075	4175
02398521	4176
00306017	4177
03237639	4178
02609203	4179
02254110	4180
03144156	4181
09094217	4182
06117562	4183
02297127	4184
08256968	4185
09159546	4186
06764751	4187
09200649	4188
01581434	4189
09931165	4190
02194286	4191
00834259	4192
07129202	4193
10383505	4194
05359828	4195
05443651	4196
00745637	4197
10513623	4198
07957655	4199
04636250	4200
00948853	4201
00759186	4202
09383793	4203
07859284	4204
08814333	4205
01729977	4206
01332730	4207
06611856	4208
12703383	4209
14290534	4210
05805277	4211
13034953	4212
02409870	4213
04836268	4214
01035380	4215
08968390	4216
14181409	4217
11167952	4218
00331950	4219
04580777	4220
01255648	4221
07282166	4222
07827750	4223
09161452	4224
14016114	4225
08647616	4226
02420232	4227
01763829	4228
12237486	4229
04114069	4230
12501537	4231
02127613	4232
12462951	4233
12532168	4234
06922045	4235
07137950	4236
04955633	4237
00226071	4238
06371734	4239
10941206	4240
01913035	4241
05051896	4242
07439570	4243
13083586	4244
03834604	4245
02189214	4246
00284409	4247
01104376	4248
11366405	4249
02156225	4250
04117216	4251
00971463	4252
10726786	4253
01570112	4254
00047945	4255
05148699	4256
05828102	4257
00431610	4258
14616939	4259
10791890	4260
07339941	4261
03610270	4262
12165608	4263
09438055	4264
01972411	4265
09712696	4266
00565081	4267
06617866	4268
01060234	4269
00468236	4270
11850748	4271
08390731	4272
00589948	4273
04898087	4274
01009871	4275
01337653	4276
01591621	4277
09793830	4278
00202284	4279
00858060	4280
01849221	4281
07416714	4282
05392562	4283
01261974	4284
09815076	4285
12588584	4286
08993037	4287
05046009	4288
02604954	4289
12556307	4290
01949674	4291
08765890	4292
02459633	4293
14153616	4294
00970732	4295
05331812	4296
00499066	4297
08306194	4298
09123809	4299
08585447	4300
08903352	4301
02011281	4302
01125724	4303
02017878	4304
00009631	4305
05422668	4306
00372665	4307
01846413	4308
09274500	4309
14517412	4310
01340439	4311
04950713	4312
10110421	4313
02419773	4314
05121908	4315
01452918	4316
04733640	4317
02136623	4318
08290928	4319
05625879	4320
04861486	4321
06894544	4322
08851687	4323
02696306	4324
05747582	4325
09211735	4326
01993805	4327
03240140	4328
06740919	4329
07812184	4330
11677743	4331
01929951	4332
04656448	4333
09855433	4334
12774891	4335
10691764	4336
10209616	4337
01256600	4338
13593219	4339
00893878	4340
02664136	4341
01318660	4342
12025019	4343
01411556	4344
06599788	4345
00402308	4346
00790086	4347
11849271	4348
08719705	4349
08303275	4350
01747717	4351
11163041	4352
00164152	4353
06337693	4354
00465634	4355
02802544	4356
10985440	4357
04767347	4358
13219067	4359
01053144	4360
14049711	4361
10200781	4362
01908703	4363
05001482	4364
03198951	4365
11729478	4366
02296756	4367
01634887	4368
10022111	4369
05500465	4370
04311595	4371
02472987	4372
01737472	4373
00386915	4374
11801247	4375
09614047	4376
01435128	4377
00438752	4378
13444703	4379
10387712	4380
07257582	4381
01053495	4382
01832381	4383
10161695	4384
05279026	4385
04347519	4386
11017454	4387
11676500	4388
00097504	4389
08906374	4390
08739206	4391
00241496	4392
01965464	4393
02191131	4394
07091587	4395
01024392	4396
11928549	4397
11060103	4398
03089014	4399
12025507	4400
13506727	4401
10759331	4402
00863513	4403
01903935	4404
01132980	4405
10679174	4406
02563182	4407
09038597	4408
08081403	4409
13621190	4410
01223833	4411
11228153	4412
05565696	4413
11482140	4414
05017458	4415
13913427	4416
01387656	4417
10114897	4418
00903668	4419
11644046	4420
13615235	4421
00526259	4422
01625417	4423
11252627	4424
00787049	4425
07971298	4426
00837872	4427
07199191	4428
00620752	4429
02426799	4430
01144550	4431
12100538	4432
14224547	4433
00618267	4434
01710048	4435
08827126	4436
01150981	4437
00369628	4438
01149138	4439
03622058	4440
13993517	4441
01909978	4442
12681768	4443
07983170	4444
14687633	4445
02241184	4446
08816969	4447
02415435	4448
09631463	4449
03829085	4450
06759776	4451
11530512	4452
02568999	4453
00941485	4454
00908672	4455
05580929	4456
00335814	4457
12589841	4458
07735510	4459
02538985	4460
00198850	4461
12395463	4462
01877407	4463
01281782	4464
00876332	4465
03579355	4466
00935827	4467
00148763	4468
06455138	4469
01191838	4470
01138911	4471
05799952	4472
03111899	4473
02645389	4474
00639148	4475
10316013	4476
02249018	4477
00673766	4478
03443543	4479
05273408	4480
00419137	4481
01518170	4482
06558088	4483
05074057	4484
00624436	4485
05658106	4486
01949333	4487
01049475	4488
01949330	4489
12257570	4490
00517847	4491
00020090	4492
09641422	4493
07321247	4494
02492536	4495
12940778	4496
06526291	4497
09428967	4498
10121800	4499
03441112	4500
08207540	4501
04523690	4502
01909422	4503
10507230	4504
10823199	4505
09346284	4506
05811214	4507
05296775	4508
02137549	4509
08707917	4510
00348571	4511
08438067	4512
11805837	4513
11805544	4514
02438861	4515
09437369	4516
13813765	4517
04767805	4518
00741685	4519
05219724	4520
03886237	4521
07169848	4522
00546646	4523
01573074	4524
14894481	4525
06481320	4526
03216562	4527
02421308	4528
01046059	4529
02818254	4530
14893652	4531
02613275	4532
01357288	4533
12099220	4534
01569566	4535
10264219	4536
02621107	4537
00663682	4538
00595894	4539
06539770	4540
00563824	4541
00811221	4542
10592397	4543
07335716	4544
10476086	4545
01857171	4546
02702807	4547
14633957	4548
10396106	4549
01425348	4550
02551832	4551
00776846	4552
10784544	4553
04215402	4554
00992518	4555
12243292	4556
02128873	4557
00889831	4558
05835747	4559
01227137	4560
02184720	4561
11871294	4562
01917845	4563
02217839	4564
10681383	4565
01721556	4566
09498697	4567
11573660	4568
12545635	4569
07128060	4570
14213199	4571
02715712	4572
12521847	4573
06917602	4574
01643507	4575
08783812	4576
14474894	4577
10196965	4578
11841061	4579
04007664	4580
12852930	4581
01266895	4582
00470701	4583
14525548	4584
02585872	4585
04990220	4586
02678677	4587
02177976	4588
02066950	4589
06863751	4590
05428473	4591
01501184	4592
04109702	4593
06962600	4594
06865345	4595
01855155	4596
03287178	4597
01041916	4598
06421301	4599
05105009	4600
06737394	4601
09837824	4602
00490722	4603
00519363	4604
02602970	4605
13981137	4606
10122645	4607
06533039	4608
02068408	4609
08066491	4610
01476685	4611
01098452	4612
01501450	4613
14660443	4614
08015116	4615
02170400	4616
12056601	4617
13934596	4618
09912243	4619
02877704	4620
15181718	4621
00463469	4622
10886222	4623
08107499	4624
15295267	4625
15015501	4626
10074339	4627
09052314	4628
11816121	4629
02098458	4630
03867515	4631
07036862	4632
02031752	4633
01498498	4634
12585512	4635
02371718	4636
02106506	4637
12269241	4638
02036399	4639
04135710	4640
01166258	4641
01168369	4642
05024254	4643
11172609	4644
02673446	4645
05827253	4646
12682054	4647
07658814	4648
08746636	4649
03409920	4650
06809074	4651
10948117	4652
01361561	4653
13266515	4654
15071684	4655
11699071	4656
01711965	4657
11974888	4658
00502952	4659
02528163	4660
04878861	4661
15163797	4662
06410776	4663
02313195	4664
01472303	4665
06347225	4666
07888465	4667
04173172	4668
02165543	4669
01937222	4670
01885158	4671
01884348	4672
08146593	4673
13769672	4674
08919475	4675
03521076	4676
03034860	4677
05473735	4678
06349597	4679
04226537	4680
02032222	4681
08992181	4682
01752495	4683
05313679	4684
02926519	4685
05190804	4686
01844551	4687
04294614	4688
00659535	4689
14504103	4690
00596290	4691
02503868	4692
07860805	4693
12045695	4694
10213034	4695
08053576	4696
05636171	4697
12961689	4698
02474110	4699
15215068	4700
13534098	4701
09053947	4702
12246232	4703
07824702	4704
02747667	4705
01839598	4706
02338592	4707
07367708	4708
05086740	4709
09691435	4710
11368638	4711
10667187	4712
06466787	4713
09418169	4714
12802987	4715
14665767	4716
12379278	4717
10785085	4718
02058191	4719
10662649	4720
02319095	4721
12785499	4722
02082690	4723
04538249	4724
00684450	4725
02869563	4726
00756076	4727
01005579	4728
01194021	4729
01778217	4730
14204095	4731
01778212	4732
11875100	4733
06249177	4734
11251995	4735
05604434	4736
09298698	4737
07500741	4738
01488539	4739
10215623	4740
08764899	4741
09907196	4742
12785724	4743
09158024	4744
12613408	4745
05970311	4746
08056873	4747
04884450	4748
02334756	4749
00684988	4750
09837459	4751
08436562	4752
00076196	4753
09897696	4754
01752728	4755
00204585	4756
02533313	4757
02377938	4758
04125853	4759
06281295	4760
09012101	4761
00927516	4762
12596525	4763
02911158	4764
00755673	4765
13477023	4766
02545153	4767
06383659	4768
00692907	4769
13895852	4770
11100139	4771
08037118	4772
00649887	4773
00858568	4774
00262076	4775
14635722	4776
14480772	4777
04152387	4778
02532595	4779
02573918	4780
08039601	4781
00036178	4782
01035199	4783
02396667	4784
00690501	4785
11054034	4786
01452496	4787
10646325	4788
04445327	4789
02027411	4790
07285191	4791
04277034	4792
01729838	4793
02863724	4794
02533545	4795
10665698	4796
12002957	4797
01789270	4798
02181724	4799
02670398	4800
10791221	4801
01815855	4802
01025602	4803
12162758	4804
09722898	4805
09340024	4806
08762495	4807
08879197	4808
01513430	4809
07697825	4810
00726784	4811
07764630	4812
06688913	4813
04072960	4814
06172071	4815
04147495	4816
13658027	4817
00232542	4818
01685679	4819
02573249	4820
04891184	4821
01162143	4822
10098710	4823
09201031	4824
01421012	4825
01674464	4826
00432683	4827
00432689	4828
13462795	4829
08821885	4830
08776320	4831
12845413	4832
07612632	4833
09455640	4834
08391696	4835
06755156	4836
02554512	4837
04621738	4838
01252971	4839
01126335	4840
02305929	4841
08035601	4842
00712833	4843
14520278	4844
02745332	4845
14206929	4846
12834798	4847
13763384	4848
13272059	4849
03541696	4850
12512947	4851
00753093	4852
06883725	4853
02525447	4854
07336214	4855
13074084	4856
00572489	4857
00691312	4858
01673118	4859
02980441	4860
10259780	4861
09795124	4862
05471837	4863
07123870	4864
03823540	4865
06407094	4866
03763727	4867
02680754	4868
12846143	4869
04539876	4870
02534734	4871
12410715	4872
10937611	4873
09146912	4874
01457954	4875
01524523	4876
12858150	4877
10567401	4878
13171041	4879
03358726	4880
01955508	4881
02021653	4882
00354452	4883
02408281	4884
10071332	4885
11997775	4886
02684924	4887
08356903	4888
07273136	4889
01850192	4890
00313245	4891
12608778	4892
07967382	4893
11654667	4894
09916788	4895
02846141	4896
11269236	4897
11603630	4898
01987228	4899
06784003	4900
13618629	4901
12979129	4902
10828990	4903
12318378	4904
01106587	4905
00352826	4906
15002814	4907
04971928	4908
04257223	4909
03970363	4910
00324056	4911
11441561	4912
12174311	4913
07189130	4914
02603926	4915
12170585	4916
09180259	4917
06427086	4918
03731164	4919
03264136	4920
01243661	4921
12376553	4922
02050921	4923
00282613	4924
01443537	4925
12877041	4926
00160086	4927
12021120	4928
00660381	4929
06227263	4930
02150039	4931
02051031	4932
01552956	4933
08558963	4934
01252425	4935
05715864	4936
02142064	4937
01256417	4938
04398497	4939
13248393	4940
09976119	4941
11092292	4942
02860415	4943
08937995	4944
13802306	4945
06999436	4946
12039743	4947
12468243	4948
03540267	4949
04801763	4950
05752544	4951
11786983	4952
02430045	4953
02794156	4954
12461326	4955
02110341	4956
13102409	4957
09680504	4958
02764765	4959
10055297	4960
08153337	4961
12184337	4962
15250691	4963
01017701	4964
06276902	4965
05546040	4966
02573075	4967
00940384	4968
12760722	4969
02304648	4970
15212167	4971
00732960	4972
15024240	4973
06781878	4974
01316288	4975
12645174	4976
02039544	4977
01880531	4978
05697976	4979
00059728	4980
13065702	4981
09069190	4982
04981044	4983
02151816	4984
13621011	4985
13978166	4986
02831736	4987
01678140	4988
02752496	4989
02257767	4990
06998748	4991
02643673	4992
00354183	4993
13900287	4994
03214670	4995
09089923	4996
13433061	4997
02331262	4998
02642107	4999
13449566	5000
13718451	5001
14250081	5002
00316989	5003
09481958	5004
12058822	5005
00783199	5006
03125870	5007
06732581	5008
12079352	5009
06930934	5010
10310516	5011
14956325	5012
12942270	5013
03972799	5014
06707709	5015
04205759	5016
06695862	5017
02049696	5018
10054657	5019
06324475	5020
02415573	5021
12563567	5022
02415577	5023
04082344	5024
13721003	5025
01949817	5026
14045507	5027
03042984	5028
01189282	5029
09694109	5030
00052845	5031
04907269	5032
01661655	5033
01734884	5034
06633692	5035
08065937	5036
04277493	5037
00314272	5038
07452348	5039
01775062	5040
07350069	5041
12014085	5042
08857529	5043
10003283	5044
10347883	5045
05355527	5046
06765887	5047
14050143	5048
01563336	5049
05539595	5050
03812924	5051
01663659	5052
01191975	5053
06508112	5054
12414602	5055
07033245	5056
07367548	5057
00789138	5058
07766173	5059
00583089	5060
02717901	5061
02102605	5062
01324305	5063
06789801	5064
02133161	5065
02034986	5066
05796937	5067
14861355	5068
11651259	5069
06934132	5070
05810948	5071
12060816	5072
02665803	5073
09194710	5074
00772253	5075
13786413	5076
13570574	5077
10084295	5078
01618503	5079
12896615	5080
05790572	5081
08574314	5082
08803883	5083
06787037	5084
11716422	5085
04503836	5086
09228144	5087
00417131	5088
08584787	5089
10637635	5090
00633265	5091
02651424	5092
02317653	5093
04838210	5094
00917651	5095
00831651	5096
02657741	5097
05172596	5098
01794813	5099
11873182	5100
12536665	5101
04941453	5102
00427853	5103
04751098	5104
15175640	5105
10171755	5106
10260166	5107
04080454	5108
04356925	5109
01542055	5110
02037989	5111
14588492	5112
03845550	5113
06543246	5114
00799409	5115
00779248	5116
08705397	5117
04586421	5118
10586265	5119
03436182	5120
02227430	5121
00524299	5122
07327013	5123
13289467	5124
00547300	5125
13319726	5126
09167767	5127
05209324	5128
04588739	5129
02755529	5130
01553142	5131
08908954	5132
07009421	5133
02166826	5134
05003590	5135
05367735	5136
00645365	5137
02427916	5138
00594953	5139
06634960	5140
07503260	5141
10297655	5142
01976841	5143
08022259	5144
03126580	5145
02541251	5146
13776432	5147
12851094	5148
15034939	5149
01777817	5150
01799629	5151
00145772	5152
11213552	5153
08986066	5154
13631845	5155
01986538	5156
00266197	5157
10175725	5158
05828552	5159
02302220	5160
00512186	5161
00765488	5162
12641180	5163
11668952	5164
00574227	5165
04038440	5166
00774796	5167
00519751	5168
07537259	5169
12533190	5170
02713594	5171
01019472	5172
13169219	5173
04823866	5174
02081571	5175
01639369	5176
06398760	5177
09352282	5178
01984119	5179
01597336	5180
10075299	5181
09931418	5182
00604576	5183
05993367	5184
08811215	5185
12194466	5186
07410021	5187
02125223	5188
12154228	5189
08687709	5190
01071090	5191
01809617	5192
03450516	5193
07942152	5194
11898079	5195
11313911	5196
09164903	5197
06430385	5198
14937943	5199
08114581	5200
02388950	5201
02164531	5202
08848421	5203
05998356	5204
15156001	5205
12508309	5206
12320414	5207
01726960	5208
12558425	5209
14713748	5210
10456950	5211
00924873	5212
01458228	5213
05223370	5214
01492052	5215
12595964	5216
07128527	5217
13948026	5218
00479734	5219
02582919	5220
00503237	5221
12217586	5222
05637106	5223
05190106	5224
12329020	5225
08052549	5226
02571300	5227
07370968	5228
13895622	5229
02381460	5230
01689379	5231
05959578	5232
13079203	5233
02385372	5234
02739480	5235
06642138	5236
03055809	5237
00581812	5238
10700105	5239
01581041	5240
13259917	5241
12603959	5242
06391766	5243
12499163	5244
07650637	5245
13035521	5246
14536831	5247
00130093	5248
01197258	5249
10656832	5250
02076535	5251
12417686	5252
09262690	5253
08339706	5254
12798284	5255
08274923	5256
07652052	5257
12357343	5258
04447861	5259
06252743	5260
00339085	5261
01592774	5262
00768701	5263
02159955	5264
14636988	5265
01588493	5266
02675885	5267
10442232	5268
01771390	5269
01765908	5270
04563942	5271
00605715	5272
01083044	5273
02388403	5274
02297635	5275
02587084	5276
02015554	5277
09453566	5278
03724870	5279
11623105	5280
08811982	5281
06611998	5282
11663813	5283
02344785	5284
07468244	5285
00882682	5286
06942252	5287
10403876	5288
12474167	5289
13777509	5290
02627835	5291
15294382	5292
14698000	5293
01229631	5294
13687906	5295
04759849	5296
00430099	5297
08797254	5298
01463792	5299
06769670	5300
05716462	5301
02573275	5302
03442756	5303
04872958	5304
02601767	5305
14851157	5306
10845248	5307
08180190	5308
10717196	5309
11259950	5310
02583139	5311
06155567	5312
13359690	5313
02600490	5314
14987695	5315
09479238	5316
00533897	5317
00744616	5318
12684640	5319
10455094	5320
02085374	5321
09327077	5322
12606797	5323
01583656	5324
15299585	5325
01556921	5326
02191546	5327
01024763	5328
11894173	5329
09283623	5330
03399047	5331
08957212	5332
14869975	5333
07041451	5334
05128219	5335
03904183	5336
11552976	5337
06793426	5338
00159368	5339
13139647	5340
03077616	5341
04345288	5342
13665027	5343
10205985	5344
11571907	5345
02063988	5346
00431327	5347
01448951	5348
01076359	5349
13007195	5350
01817130	5351
06361770	5352
06055300	5353
00031820	5354
08991491	5355
01862557	5356
01957202	5357
08396760	5358
01054545	5359
09118505	5360
12760875	5361
09062585	5362
11004106	5363
13495873	5364
04598010	5365
07320302	5366
00854000	5367
07094731	5368
10334101	5369
04809784	5370
01586791	5371
10546633	5372
02060016	5373
05799761	5374
02067540	5375
04371563	5376
02483908	5377
07555184	5378
02984061	5379
02357741	5380
11432508	5381
05273684	5382
05512835	5383
12082593	5384
08230679	5385
11700058	5386
01895263	5387
07220773	5388
10441251	5389
05826291	5390
06944348	5391
06748969	5392
05298729	5393
01679494	5394
01496037	5395
13851067	5396
10069427	5397
02860239	5398
05284851	5399
05903229	5400
01928608	5401
02260623	5402
01959333	5403
04829282	5404
08654360	5405
02685995	5406
00290276	5407
11940006	5408
14594456	5409
15252146	5410
11951385	5411
00694276	5412
01412085	5413
05667613	5414
04079933	5415
10577820	5416
11664090	5417
00998399	5418
01014186	5419
01418620	5420
04456276	5421
03658373	5422
02539251	5423
01369346	5424
13576982	5425
01298668	5426
04563204	5427
00213052	5428
12636705	5429
05447757	5430
12778605	5431
08923177	5432
04032242	5433
00664276	5434
07197021	5435
14008567	5436
10119200	5437
00770151	5438
13186654	5439
00747671	5440
12822955	5441
03758614	5442
00242808	5443
13929852	5444
04529962	5445
01783706	5446
02015944	5447
12034828	5448
05866653	5449
01103159	5450
04834228	5451
02109678	5452
00570694	5453
12952852	5454
07507742	5455
13903387	5456
04974340	5457
04921011	5458
07082573	5459
01748906	5460
06661562	5461
13895549	5462
06742932	5463
14854847	5464
02038357	5465
08464449	5466
09316454	5467
01141938	5468
00793580	5469
03231160	5470
00996448	5471
01256332	5472
01819147	5473
08359949	5474
10754920	5475
10908919	5476
09038990	5477
04657407	5478
07262704	5479
08651247	5480
08151229	5481
11718096	5482
02335828	5483
05379734	5484
03895585	5485
12342299	5486
13331198	5487
01322391	5488
02021376	5489
06705984	5490
00282790	5491
00356199	5492
14525777	5493
13752443	5494
12950984	5495
08590369	5496
01260291	5497
14122497	5498
01914947	5499
08331525	5500
03473465	5501
02887741	5502
09809749	5503
06074372	5504
03138534	5505
11202063	5506
08175875	5507
04609651	5508
00823884	5509
07432119	5510
12287388	5511
06307152	5512
03084420	5513
14871078	5514
00733483	5515
00328015	5516
12382233	5517
05275315	5518
09369169	5519
11552686	5520
00268112	5521
08473173	5522
00592001	5523
07522729	5524
00058645	5525
01879928	5526
11810190	5527
02142295	5528
05222591	5529
00821765	5530
13188268	5531
07084166	5532
07317764	5533
14180848	5534
02347637	5535
10295819	5536
02020027	5537
