70  1440 L2 unif
H
100 / 99000
1.5603619210305624
200 / 99000
3.0087369229877368
300 / 99000
4.436738517018966
400 / 99000
5.887132044997998
500 / 99000
7.3424570329952985
E
100 / 99000
0.8601330009987578
200 / 99000
1.6749610360129736
300 / 99000
2.5072200970025733
400 / 99000
3.3252060129889287
500 / 99000
4.165333345008548
B
100 / 99000
0.8716663779923692
200 / 99000
1.7109503879910335
300 / 99000
2.527970055991318
400 / 99000
3.363940803974401
500 / 99000
4.181942172988784

R
100 / 99000
3.5202378089888953
200 / 99000
7.0341149239684455
300 / 99000
10.625325074011926
400 / 99000
14.093028687988408
500 / 99000
17.76090164296329